t_wall,t_rel,Fx,Fy,Fz,Mx,My,Mz
1771002433.677402,0.002280,0.247854,-0.230758,-0.415800,0.000463,-0.003700,-0.001052
1771002433.682384,0.007263,0.125386,-0.131060,-0.472565,-0.000620,-0.003112,-0.002655
1771002433.687359,0.012237,0.095418,0.041924,-0.238943,-0.002610,-0.002391,-0.001840
1771002433.692345,0.017223,0.200247,0.043649,-0.226086,-0.002546,-0.002576,-0.001491
1771002433.697326,0.022205,0.159988,-0.017415,-0.262932,-0.001851,-0.002308,-0.001167
1771002433.702314,0.027192,0.116088,-0.039938,-0.257957,-0.002044,-0.002603,-0.001611
1771002433.707293,0.032172,0.123332,-0.008152,-0.241344,-0.002542,-0.002539,-0.001697
1771002433.712272,0.037151,0.176732,-0.112325,-0.336412,-0.001491,-0.002584,-0.001715
1771002433.717257,0.042136,0.194172,-0.015119,-0.288402,-0.001707,-0.002232,-0.001270
1771002433.722235,0.047114,0.187268,-0.122361,-0.362210,-0.001014,-0.002924,-0.001621
1771002433.727213,0.052092,0.142388,-0.075450,-0.282113,-0.001147,-0.002415,-0.001439
1771002433.732198,0.057077,0.209712,0.015047,-0.249124,-0.001936,-0.002620,-0.001091
1771002433.737181,0.062060,0.126900,-0.045430,-0.253879,-0.001844,-0.002419,-0.001523
1771002433.742158,0.067037,0.188101,-0.041491,-0.264403,-0.001818,-0.002686,-0.001268
1771002433.747151,0.072030,0.148927,-0.054660,-0.256805,-0.001723,-0.002122,-0.001781
1771002433.752122,0.077001,0.117455,-0.064910,-0.321832,-0.001337,-0.002955,-0.001779
1771002433.757108,0.081987,0.103263,-0.086756,-0.281825,-0.002074,-0.002756,-0.001910
1771002433.762091,0.086969,0.123757,-0.040639,-0.274413,-0.001520,-0.002968,-0.002001
1771002433.767075,0.091954,0.152780,0.060660,-0.223393,-0.002486,-0.002298,-0.001798
1771002433.772055,0.096934,0.157959,-0.093768,-0.304448,-0.001359,-0.003009,-0.001300
1771002433.777034,0.101913,0.146030,-0.014186,-0.250462,-0.002238,-0.002676,-0.001719
1771002433.782017,0.106896,0.182838,0.100766,-0.194378,-0.002909,-0.002570,-0.001641
1771002433.786996,0.111875,0.198039,-0.087808,-0.334384,-0.001510,-0.002564,-0.001361
1771002433.791980,0.116858,0.212715,-0.038967,-0.421690,-0.002485,-0.002781,-0.002317
1771002433.796958,0.121837,0.192644,-0.048918,-0.306841,-0.001567,-0.002618,-0.001514
1771002433.801938,0.126817,0.167388,-0.031555,-0.317513,-0.001551,-0.002862,-0.001419
1771002433.806936,0.131815,0.152863,0.005245,-0.324205,-0.002385,-0.002694,-0.002028
1771002433.811909,0.136788,0.162153,0.024099,-0.271811,-0.002356,-0.002682,-0.001550
1771002433.816898,0.141777,0.135954,0.024264,-0.289827,-0.002092,-0.002650,-0.001705
1771002433.821865,0.146744,0.122874,-0.060299,-0.323742,-0.001626,-0.002637,-0.002134
1771002433.826850,0.151729,-1.919497,3.104964,1.698074,-0.012191,-0.000314,-0.007069
1771002433.831842,0.156721,-1.254447,-0.504353,1.335255,0.008999,0.011870,0.007972
1771002433.836814,0.161693,-1.212813,-0.531950,1.347058,0.008947,0.011347,0.007429
1771002433.841800,0.166679,-1.215133,-0.545193,1.320442,0.009213,0.012014,0.008047
1771002433.846776,0.171655,-1.209888,-0.498473,1.367883,0.008872,0.012107,0.007766
1771002433.851770,0.176648,-1.179593,-0.464628,1.338926,0.008701,0.013286,0.008387
1771002433.856753,0.181632,0.169867,-0.300374,1.756812,0.016222,0.012797,0.013661
1771002433.861721,0.186600,-1.219383,-0.474456,1.361019,0.008092,0.011948,0.008028
1771002433.866705,0.191584,-1.242588,-0.458770,1.336929,0.008298,0.011902,0.007706
1771002433.871689,0.196568,-1.212744,-0.527525,1.319494,0.009070,0.012231,0.008425
1771002433.876669,0.201547,-1.230531,-0.415503,1.374110,0.007913,0.012366,0.007544
1771002433.881659,0.206537,-1.196171,-0.544820,1.313771,0.009437,0.012568,0.008248
1771002433.886853,0.211732,-1.162121,-0.478495,1.312062,0.009219,0.013822,0.008721
1771002433.891627,0.216506,-1.254818,-0.515542,1.336656,0.009087,0.011831,0.007439
1771002433.896594,0.221473,-1.171586,-0.456701,1.347046,0.008162,0.013244,0.008704
1771002433.901589,0.226468,-1.235885,-0.554426,1.348092,0.009441,0.012249,0.008161
1771002433.906559,0.231437,-1.154404,-0.498101,1.308728,0.009014,0.012840,0.008497
1771002433.911556,0.236434,-1.207536,-0.450023,1.362399,0.008300,0.012377,0.008334
1771002433.916523,0.241401,0.111617,-0.353148,1.731462,0.016604,0.011745,0.012862
1771002433.921511,0.246390,-1.168255,-0.454893,1.354526,0.008541,0.012909,0.008249
1771002433.926510,0.251389,0.266619,-1.749044,0.357139,0.024109,0.003045,0.002739
1771002433.931468,0.256346,0.171201,-0.021179,-0.289509,-0.001861,-0.002236,-0.001557
1771002433.936453,0.261332,0.177160,-0.061867,-0.328343,-0.001386,-0.002723,-0.001846
1771002433.941438,0.266317,0.030804,-0.137571,-0.770071,-0.004124,-0.002715,-0.002330
1771002433.946425,0.271304,0.188634,-0.115020,-0.351555,-0.001025,-0.002555,-0.001457
1771002433.951441,0.276319,0.173340,-0.008301,-0.347362,-0.002170,-0.002722,-0.001599
1771002433.956385,0.281264,0.199505,-0.058755,-0.359717,-0.002291,-0.003032,-0.001813
1771002433.961350,0.286228,0.176287,0.050091,-0.334169,-0.002426,-0.002941,-0.001899
1771002433.966351,0.291229,-1.208940,-0.504094,1.320590,0.008803,0.012701,0.008335
1771002433.971349,0.296227,-1.234604,-0.529877,1.328098,0.009079,0.011862,0.007890
1771002433.976760,0.301639,-1.246938,-0.534681,1.326506,0.008986,0.012428,0.007937
1771002433.981298,0.306177,-1.251578,-0.396555,1.358022,0.007468,0.012688,0.008082
1771002433.986267,0.311146,-1.197581,-0.579830,1.322481,0.009732,0.011769,0.008294
1771002433.991245,0.316124,-1.243447,-0.503748,1.327901,0.008817,0.012313,0.007483
1771002433.996231,0.321109,-1.244957,-0.576702,1.312373,0.009558,0.011739,0.007876
1771002434.001222,0.326101,-1.257154,-0.563287,1.272745,0.009597,0.011886,0.007482
1771002434.006204,0.331083,-1.256834,-0.500178,1.334824,0.008924,0.011619,0.007077
1771002434.011178,0.336057,-1.191319,-0.559604,1.280756,0.009655,0.012566,0.008538
1771002434.016166,0.341045,-1.239251,-0.567330,1.331492,0.009651,0.011919,0.007790
1771002434.021142,0.346021,-1.220852,-0.462675,1.335993,0.008374,0.012045,0.007317
1771002434.026125,0.351004,-1.204295,-0.514383,1.348063,0.008961,0.012387,0.008319
1771002434.031102,0.355981,-1.220937,-0.521896,1.308389,0.008814,0.012179,0.007483
1771002434.036093,0.360971,-1.227902,-0.589060,1.328469,0.009549,0.011625,0.008499
1771002434.041078,0.365957,0.126502,-0.349232,1.730307,0.016810,0.012667,0.013108
1771002434.046063,0.370942,-1.220783,-0.544644,1.315303,0.009709,0.012710,0.007777
1771002434.051047,0.375926,0.154398,-0.286061,1.773320,0.016196,0.012828,0.013717
1771002434.056023,0.380902,-1.229042,-0.655456,1.297795,0.010341,0.011777,0.008097
1771002434.061000,0.385879,-1.189758,-0.487842,1.364390,0.008567,0.011717,0.007804
1771002434.066335,0.391214,-1.244386,-0.604623,1.282959,0.010213,0.012051,0.007424
1771002434.071238,0.396117,-1.228971,-0.519849,1.367072,0.009080,0.012444,0.008202
1771002434.076371,0.401250,-1.167841,-0.504840,1.378029,0.009265,0.013189,0.008880
1771002434.081329,0.406208,-1.236547,-0.543005,1.309104,0.009328,0.012468,0.007839
1771002434.086305,0.411184,-1.195674,-0.602543,1.356206,0.009816,0.011586,0.008408
1771002434.090891,0.415770,-1.234039,-0.611697,1.321885,0.009995,0.011689,0.007550
1771002434.095918,0.420797,-1.170068,-0.640858,1.314612,0.010580,0.012536,0.008727
1771002434.101242,0.426120,-1.207774,-0.543480,1.327816,0.009447,0.012606,0.008344
1771002434.105886,0.430765,-1.256928,-0.577312,1.335242,0.009410,0.011211,0.007290
1771002434.111206,0.436085,-1.211489,-0.410551,1.369813,0.007965,0.012400,0.007803
1771002434.115799,0.440677,-1.235806,-0.538664,1.345750,0.009120,0.011515,0.007761
1771002434.120780,0.445658,0.141318,-0.359785,1.721395,0.017130,0.012999,0.013456
1771002434.125764,0.450643,-1.184834,-0.476202,1.312764,0.008769,0.013366,0.008538
1771002434.130752,0.455631,-1.203643,-0.539895,1.291459,0.009432,0.013065,0.008109
1771002434.135720,0.460599,-1.207038,-0.597903,1.337066,0.009649,0.011687,0.008217
1771002434.140715,0.465594,-1.212460,-0.493637,1.362944,0.008670,0.012350,0.007857
1771002434.145695,0.470574,-1.183674,-0.492776,1.345634,0.008927,0.012684,0.008452
1771002434.150672,0.475550,-1.182351,-0.487562,1.361953,0.008771,0.012708,0.008451
1771002434.155657,0.480536,-1.252541,-0.651375,1.301734,0.010378,0.011889,0.008074
1771002434.160634,0.485512,-1.214374,-0.597793,1.338917,0.009728,0.011888,0.007828
1771002434.165615,0.490494,-1.202904,-0.559540,1.369291,0.009337,0.011721,0.008213
1771002434.170595,0.495474,-1.213582,-0.603879,1.332437,0.009594,0.011913,0.008777
1771002434.175584,0.500463,-1.215923,-0.573955,1.374350,0.009427,0.011522,0.007982
1771002434.180565,0.505443,-1.209933,-0.559934,1.327278,0.009474,0.012813,0.008415
1771002434.185924,0.510803,-1.291132,-0.662260,1.268823,0.010295,0.011279,0.007162
1771002434.191205,0.516083,-1.197445,-0.660429,1.342592,0.010586,0.011676,0.008115
1771002434.195510,0.520389,-1.226768,-0.588223,1.327360,0.009659,0.011718,0.007981
1771002434.200485,0.525363,-1.188059,-0.579062,1.324552,0.009420,0.012042,0.008542
1771002434.205470,0.530348,-1.188870,-0.597077,1.326015,0.009762,0.012207,0.008464
1771002434.210449,0.535327,-1.227611,-0.630186,1.292690,0.010032,0.012001,0.008051
1771002434.215435,0.540314,-1.223665,-0.462041,1.346117,0.008624,0.012744,0.008076
1771002434.220407,0.545286,-1.251497,-0.578573,1.324134,0.009559,0.011582,0.007201
1771002434.225390,0.550269,-1.208453,-0.540077,1.335423,0.009410,0.012025,0.007498
1771002434.230378,0.555257,-1.216364,-0.546949,1.329484,0.009405,0.012396,0.007611
1771002434.235356,0.560234,-1.904339,0.014726,1.135915,0.003412,-0.003015,-0.010254
1771002434.240336,0.565215,-1.220828,-0.591594,1.331141,0.009778,0.011358,0.007511
1771002434.245345,0.570224,-1.215197,-0.574888,1.331921,0.009594,0.011681,0.008221
1771002434.250306,0.575185,0.510871,-0.025738,-0.305294,-0.005444,0.011011,0.011605
1771002434.255281,0.580160,0.162424,0.012452,-0.302325,-0.002623,-0.003025,-0.001706
1771002434.260270,0.585149,0.123664,-0.045844,-0.312743,-0.001922,-0.002644,-0.001933
1771002434.265250,0.590129,0.155772,-0.076935,-0.358613,-0.001659,-0.002735,-0.001552
1771002434.270234,0.595113,0.569664,1.946734,-1.664639,-0.001210,0.010439,0.011363
1771002434.275219,0.600098,-1.212089,-0.465580,1.312821,0.008881,0.012897,0.007834
1771002434.280190,0.605068,-1.059136,-0.685216,1.261738,0.011902,0.012169,0.009928
1771002434.285179,0.610058,0.114466,-0.093280,-0.339800,-0.001653,-0.002977,-0.002298
1771002434.290148,0.615026,0.178501,0.067679,-0.228410,-0.002281,-0.002554,-0.001594
1771002434.295140,0.620019,0.163527,0.033497,-0.274529,-0.002316,-0.002203,-0.001584
1771002434.300124,0.625003,0.179431,-0.086954,-0.299276,-0.001677,-0.002820,-0.001518
1771002434.305103,0.629982,-1.399980,0.806368,1.591032,-0.000085,0.007355,0.003861
1771002434.310088,0.634966,-1.156435,-0.561949,1.338546,0.009855,0.012059,0.008776
1771002434.315125,0.640003,-1.252909,-0.592188,1.334562,0.009761,0.012024,0.008114
1771002434.320433,0.645312,-1.192178,-0.474488,1.357362,0.008570,0.012315,0.008093
1771002434.325036,0.649915,-1.194948,-0.539939,1.319933,0.009427,0.012396,0.008238
1771002434.330034,0.654913,-1.218797,-0.510884,1.354499,0.008866,0.012086,0.007602
1771002434.335383,0.660262,-1.219724,-0.396636,1.393999,0.007740,0.012584,0.007860
1771002434.339981,0.664859,-1.202178,-0.582063,1.317131,0.009697,0.012457,0.007881
1771002434.345003,0.669882,-1.211573,-0.495522,1.344807,0.008957,0.012833,0.008060
1771002434.350319,0.675197,-1.160621,-0.458180,1.346598,0.008307,0.012897,0.008290
1771002434.354923,0.679802,-1.197235,-0.550476,1.327871,0.009110,0.012258,0.008223
1771002434.360185,0.685063,-1.266523,-0.494764,1.349692,0.008979,0.012364,0.007584
1771002434.364884,0.689763,-1.229964,-0.534777,1.326805,0.009176,0.012004,0.007534
1771002434.369888,0.694766,-1.205481,-0.545659,1.349932,0.009019,0.012285,0.007956
1771002434.374853,0.699732,0.099533,-0.471467,1.699588,0.017876,0.011544,0.013150
1771002434.379843,0.704722,-1.189479,-0.537621,1.324300,0.009280,0.012875,0.008710
1771002434.384814,0.709692,-1.273346,-0.581154,1.307142,0.009591,0.011850,0.007510
1771002434.389810,0.714689,-1.219071,-0.516220,1.345265,0.008771,0.012214,0.007937
1771002434.394783,0.719662,-1.244086,-0.561500,1.347456,0.009150,0.011184,0.007894
1771002434.399757,0.724636,-1.262653,-0.583717,1.324466,0.009293,0.011330,0.007460
1771002434.404739,0.729617,-1.168651,-0.439740,1.365862,0.008281,0.012476,0.007965
1771002434.409726,0.734605,-1.249983,-0.594318,1.309010,0.009692,0.012006,0.007542
1771002434.414702,0.739581,-1.218847,-0.578740,1.312637,0.009361,0.011686,0.007948
1771002434.419692,0.744570,-1.224405,-0.567486,1.323644,0.009251,0.011313,0.007810
1771002434.424674,0.749552,0.118231,-0.280010,1.729251,0.015962,0.012689,0.013845
1771002434.429665,0.754544,-1.196427,-0.472294,1.336661,0.008820,0.012875,0.008358
1771002434.434643,0.759522,-1.228989,-0.541789,1.279955,0.009276,0.013006,0.008200
1771002434.439614,0.764492,-1.214204,-0.470859,1.335728,0.008733,0.012267,0.007777
1771002434.444595,0.769473,-1.216469,-0.453111,1.330231,0.008311,0.013089,0.008096
1771002434.449578,0.774457,0.136171,-0.388762,1.715987,0.017152,0.012549,0.013396
1771002434.454548,0.779427,-1.231428,-0.474250,1.374480,0.008348,0.011913,0.007946
1771002434.459540,0.784419,-1.186639,-0.492422,1.314794,0.009358,0.013240,0.008107
1771002434.464521,0.789399,-1.153915,-0.456801,1.359332,0.008877,0.013023,0.009021
1771002434.469508,0.794387,-1.235707,-0.574755,1.324215,0.009334,0.011347,0.007518
1771002434.474517,0.799396,-1.201767,-0.588543,1.327561,0.009679,0.011365,0.008063
1771002434.479463,0.804341,-1.234640,-0.582685,1.282032,0.009835,0.012473,0.007942
1771002434.484450,0.809329,-1.262337,-0.460161,1.356421,0.008366,0.012087,0.007547
1771002434.489430,0.814309,-1.257203,-0.601400,1.285032,0.009731,0.011011,0.007250
1771002434.494408,0.819287,-1.239524,-0.536272,1.321244,0.009268,0.012067,0.007710
1771002434.499389,0.824268,-1.247513,-0.527411,1.342730,0.008926,0.011481,0.007595
1771002434.504371,0.829249,-1.228378,-0.558276,1.331823,0.009283,0.012462,0.008497
1771002434.509362,0.834241,-1.238425,-0.513192,1.359653,0.009008,0.011106,0.007383
1771002434.514338,0.839216,-1.154364,-0.496068,1.352401,0.008781,0.012639,0.008428
1771002434.519321,0.844200,-1.167503,-0.459906,1.367358,0.008044,0.012055,0.008180
1771002434.524302,0.849180,-1.205422,-0.447542,1.353987,0.008114,0.012471,0.007949
1771002434.529284,0.854163,-1.240643,-0.579560,1.281564,0.009837,0.012311,0.007937
1771002434.534286,0.859165,-1.210782,-0.479042,1.375469,0.008587,0.012469,0.008116
1771002434.539225,0.864104,-1.172943,-0.526362,1.259049,0.008571,0.012277,0.006574
1771002434.544238,0.869117,-0.115717,2.227540,-0.374621,-0.017860,-0.000412,-0.010445
1771002434.549212,0.874091,0.140765,-0.092446,-0.319292,-0.001656,-0.002789,-0.001815
1771002434.554192,0.879071,0.153347,0.004562,-0.292753,-0.001970,-0.002388,-0.002068
1771002434.559179,0.884057,0.086082,-0.022220,-0.408974,-0.002707,-0.002747,-0.002208
1771002434.564163,0.889042,1.131482,-1.023110,0.009919,0.017869,0.019068,0.014205
1771002434.569143,0.894022,-1.268858,-0.504809,1.313148,0.008776,0.011688,0.007170
1771002434.574126,0.899004,-1.234781,-0.481568,1.332388,0.008781,0.012589,0.007542
1771002434.579105,0.903983,-1.174066,-0.381096,1.385386,0.007964,0.013434,0.008449
1771002434.584088,0.908967,-1.166777,-0.553893,1.291952,0.009787,0.012580,0.007894
1771002434.589068,0.913947,-1.191459,-0.478948,1.316610,0.008571,0.013199,0.008907
1771002434.594053,0.918932,-1.222227,-0.642350,1.286285,0.010270,0.011980,0.008021
1771002434.599033,0.923911,-1.183980,-0.529654,1.315454,0.009327,0.012795,0.008346
1771002434.604044,0.928922,0.940294,-0.641472,-0.920940,0.004794,0.009252,0.014359
1771002434.609004,0.933882,0.210506,-0.032347,-0.335973,-0.002080,-0.002448,-0.001140
1771002434.613979,0.938858,0.152417,-0.148864,-0.397012,-0.001251,-0.003165,-0.001730
1771002434.618959,0.943838,0.169022,0.026598,-0.301996,-0.002192,-0.002755,-0.001290
1771002434.623945,0.948824,0.846425,-0.463903,-0.860601,0.003048,0.007544,0.012675
1771002434.628934,0.953813,-1.227429,-0.511912,1.355458,0.008677,0.011660,0.007732
1771002434.633913,0.958791,-1.212559,-0.485374,1.335803,0.008763,0.012436,0.007754
1771002434.638890,0.963769,-1.245644,-0.575495,1.304496,0.009977,0.011633,0.007528
1771002434.643883,0.968761,-1.259296,-0.599163,1.332720,0.009844,0.011314,0.007572
1771002434.648854,0.973733,-1.186642,-0.514908,1.330497,0.009382,0.012889,0.008264
1771002434.653834,0.978713,-1.203909,-0.448456,1.383438,0.008047,0.012160,0.008021
1771002434.658829,0.983708,-1.268375,-0.610951,1.306347,0.009831,0.011432,0.007821
1771002434.663816,0.988695,-1.205898,-0.592079,1.306881,0.010035,0.012745,0.008075
1771002434.668786,0.993665,-1.191410,-0.486667,1.365026,0.008265,0.012826,0.008272
1771002434.673759,0.998638,-1.242648,-0.536179,1.327431,0.008925,0.011936,0.007321
1771002434.678749,1.003628,-1.177251,-0.489044,1.377130,0.008471,0.012111,0.008376
1771002434.683726,1.008605,-1.234714,-0.566276,1.310194,0.009514,0.012439,0.008403
1771002434.688764,1.013643,-1.181958,-0.522973,1.344210,0.009174,0.012726,0.008685
1771002434.694348,1.019226,-1.231746,-0.513135,1.303309,0.008942,0.011963,0.007340
1771002434.698679,1.023558,-1.241386,-0.426268,1.328178,0.008406,0.013501,0.007863
1771002434.703657,1.028536,-1.194201,-0.508111,1.353810,0.008893,0.012650,0.008014
1771002434.709033,1.033912,-1.223551,-0.451072,1.407909,0.007953,0.012222,0.008368
1771002434.713625,1.038504,0.178921,-0.260058,1.796295,0.015985,0.013348,0.014204
1771002434.718592,1.043470,-1.165110,-0.505172,1.340956,0.009182,0.013010,0.008516
1771002434.723832,1.048711,-1.222639,-0.563458,1.343624,0.009499,0.012045,0.008292
1771002434.728588,1.053466,-1.222815,-0.563083,1.354097,0.009784,0.012652,0.008449
1771002434.733578,1.058457,-1.264657,-0.645295,1.313664,0.009884,0.011855,0.008300
1771002434.738923,1.063801,-1.244772,-0.584096,1.326978,0.009571,0.011617,0.007911
1771002434.743543,1.068421,-1.238499,-0.527083,1.346529,0.009372,0.012883,0.007946
1771002434.748888,1.073766,-1.221181,-0.461848,1.389730,0.008387,0.012335,0.008104
1771002434.753487,1.078366,-1.230140,-0.478783,1.369123,0.008066,0.012538,0.008156
1771002434.758482,1.083361,-1.218035,-0.460185,1.356213,0.008223,0.012128,0.007723
1771002434.763448,1.088327,0.171627,-0.290061,1.752254,0.016214,0.012871,0.013463
1771002434.768426,1.093305,-1.244568,-0.565037,1.343989,0.009423,0.011864,0.007668
1771002434.773407,1.098286,-1.174284,-0.469319,1.380057,0.008354,0.013123,0.008203
1771002434.778378,1.103257,-1.235396,-0.589788,1.320863,0.009545,0.011209,0.007710
1771002434.783368,1.108247,0.127197,-0.352502,1.747471,0.016753,0.012236,0.012882
1771002434.788348,1.113227,-1.224782,-0.511617,1.343735,0.008965,0.011951,0.007878
1771002434.793329,1.118207,-1.215183,-0.585051,1.323326,0.009492,0.012046,0.007774
1771002434.798307,1.123186,0.175977,-0.260482,1.751202,0.015683,0.013161,0.013869
1771002434.803293,1.128171,-1.188641,-0.451247,1.361691,0.008433,0.012600,0.007978
1771002434.808276,1.133154,-1.243953,-0.517866,1.344129,0.008760,0.011977,0.007529
1771002434.813257,1.138136,-1.185593,-0.500645,1.377536,0.009069,0.012539,0.008074
1771002434.818237,1.143115,0.153181,-0.375844,1.742471,0.016707,0.012358,0.013326
1771002434.823221,1.148100,-1.194815,-0.422307,1.375808,0.007927,0.012916,0.008052
1771002434.828201,1.153080,-1.229002,-0.500338,1.369155,0.008707,0.012318,0.007727
1771002434.833183,1.158062,-1.244212,-0.554207,1.322666,0.009645,0.012081,0.008022
1771002434.838172,1.163050,0.140481,-0.332273,1.741504,0.016809,0.012810,0.013577
1771002434.843151,1.168029,-1.156053,-0.425018,1.393052,0.008191,0.013268,0.008491
1771002434.848129,1.173008,-0.610873,-0.077892,0.178703,-0.004755,0.007673,-0.004304
1771002434.853122,1.178001,0.194926,0.050538,-0.265429,-0.001900,-0.002022,-0.001022
1771002434.858095,1.182974,0.169032,-0.053974,-0.324056,-0.001971,-0.002560,-0.001606
1771002434.863075,1.187954,0.161392,-0.079955,-0.276106,-0.001323,-0.002544,-0.001462
1771002434.868068,1.192947,0.131991,0.021266,-0.243581,-0.002459,-0.002538,-0.001581
1771002434.873042,1.197920,0.147165,-0.040220,-0.281822,-0.001648,-0.002577,-0.001634
1771002434.878022,1.202901,0.138417,0.009439,-0.299253,-0.002605,-0.002822,-0.002289
1771002434.883640,1.208519,0.151964,0.080761,-0.236496,-0.002822,-0.002663,-0.001907
1771002434.887988,1.212867,0.165647,0.074687,-0.271414,-0.002899,-0.002935,-0.001958
1771002434.892974,1.217853,-0.993236,0.208903,1.232872,-0.009241,0.011758,0.010045
1771002434.897966,1.222845,-1.202432,-0.549929,1.314589,0.009311,0.012134,0.008002
1771002434.902947,1.227825,-1.219161,-0.492906,1.325796,0.008733,0.012583,0.007747
1771002434.907941,1.232819,-1.231590,-0.530666,1.343172,0.009199,0.012300,0.008084
1771002434.912885,1.237763,-1.210314,-0.531936,1.367484,0.009342,0.012264,0.007959
1771002434.917885,1.242764,-1.227510,-0.528231,1.338911,0.008580,0.011740,0.007667
1771002434.922864,1.247743,-1.199194,-0.455710,1.368105,0.008325,0.012718,0.008316
1771002434.927848,1.252727,0.103836,-0.350097,1.750623,0.016789,0.012137,0.013410
1771002434.932827,1.257706,-1.230845,-0.532263,1.346872,0.008893,0.012179,0.007771
1771002434.937799,1.262678,-1.222451,-0.550096,1.343276,0.009668,0.012478,0.007671
1771002434.942792,1.267671,-1.245057,-0.625981,1.300488,0.009970,0.011599,0.007777
1771002434.947774,1.272653,-1.265147,-0.566041,1.320094,0.009180,0.011845,0.007699
1771002434.952767,1.277646,-1.253875,-0.552543,1.335788,0.009445,0.011861,0.007436
1771002434.957742,1.282621,-1.216490,-0.552514,1.351494,0.009570,0.012030,0.007879
1771002434.962723,1.287601,-1.200438,-0.525233,1.335639,0.009089,0.012477,0.008334
1771002434.967707,1.292586,-1.228134,-0.533948,1.378954,0.008909,0.012022,0.008412
1771002434.972688,1.297567,-1.203059,-0.515387,1.392064,0.008809,0.011681,0.008023
1771002434.977666,1.302545,0.120961,-0.423335,1.739151,0.017331,0.012207,0.013544
1771002434.982668,1.307547,0.150048,-0.294340,1.802835,0.015867,0.012240,0.013363
1771002434.987631,1.312510,-1.218060,-0.550283,1.351959,0.009594,0.012416,0.008002
1771002434.992617,1.317496,-1.250625,-0.533601,1.359453,0.008877,0.011694,0.007651
1771002434.997599,1.322478,-1.205262,-0.582423,1.347835,0.009816,0.012062,0.008163
1771002435.002589,1.327467,-1.249441,-0.546005,1.368851,0.009149,0.011579,0.007476
1771002435.007561,1.332440,-1.233014,-0.530086,1.402328,0.008462,0.011417,0.007861
1771002435.012542,1.337421,-1.207218,-0.397938,1.397317,0.007753,0.012849,0.007950
1771002435.017527,1.342405,-1.244189,-0.576938,1.331385,0.009435,0.011915,0.007798
1771002435.022517,1.347396,-1.262442,-0.656818,1.338241,0.010422,0.011198,0.008116
1771002435.028170,1.353049,-1.185245,-0.467653,1.424736,0.008474,0.012794,0.008759
1771002435.032453,1.357331,-1.207161,-0.496786,1.388640,0.008932,0.012388,0.007884
1771002435.037449,1.362328,-1.218861,-0.596634,1.357066,0.009381,0.011183,0.007906
1771002435.042814,1.367693,-1.220714,-0.610740,1.321922,0.010088,0.011853,0.007959
1771002435.047425,1.372303,-1.198620,-0.599217,1.329088,0.009915,0.012365,0.007937
1771002435.052702,1.377581,-1.196723,-0.539682,1.375860,0.009223,0.012244,0.008022
1771002435.057781,1.382660,-1.198228,-0.513862,1.363740,0.009243,0.012781,0.008373
1771002435.062715,1.387593,-1.212894,-0.587854,1.322581,0.009869,0.012043,0.008025
1771002435.067344,1.392223,0.156647,-0.432656,1.699293,0.017450,0.012578,0.013527
1771002435.072709,1.397588,-1.144606,-0.426932,1.379384,0.008216,0.013129,0.008524
1771002435.077322,1.402201,-1.202989,-0.506656,1.376256,0.008634,0.012204,0.008423
1771002435.082423,1.407302,-1.240066,-0.543656,1.356741,0.009206,0.011560,0.007429
1771002435.087275,1.412154,0.128542,-0.355231,1.735601,0.016671,0.012215,0.013272
1771002435.092270,1.417148,-1.203376,-0.507518,1.370897,0.008924,0.012540,0.007746
1771002435.097255,1.422134,-1.161343,-0.502762,1.385437,0.009100,0.012631,0.008269
1771002435.102243,1.427121,-1.218188,-0.554908,1.371875,0.009040,0.011529,0.007652
1771002435.107894,1.432773,-1.245361,-0.522946,1.338370,0.008978,0.012033,0.007511
1771002435.112190,1.437069,-1.202913,-0.496217,1.358018,0.008717,0.012388,0.007997
1771002435.117165,1.442044,-1.204733,-0.496892,1.367167,0.008802,0.012234,0.007752
1771002435.122177,1.447056,-1.203826,-0.533875,1.363791,0.008777,0.012375,0.008096
1771002435.127137,1.452015,-1.225073,-0.465934,1.366286,0.008187,0.012421,0.008473
1771002435.132122,1.457000,0.082232,-0.437492,1.705893,0.017465,0.011328,0.013026
1771002435.137097,1.461975,0.140085,-0.414792,1.692642,0.017781,0.013243,0.013707
1771002435.142087,1.466965,-1.186286,-0.514039,1.357215,0.008613,0.012602,0.008626
1771002435.147063,1.471942,-1.176988,-0.505607,1.368497,0.008953,0.012939,0.008834
1771002435.152033,1.476911,-1.182040,-0.546711,1.344124,0.009179,0.012338,0.008132
1771002435.157029,1.481908,0.994021,-0.649811,0.758883,0.013939,0.020777,0.014932
1771002435.162013,1.486892,-1.171655,-0.569005,1.332988,0.009717,0.012659,0.008692
1771002435.167051,1.491929,-1.229255,-0.618854,1.277456,0.010094,0.012545,0.008083
1771002435.171986,1.496865,-1.181142,-0.478724,1.356331,0.008309,0.012740,0.008524
1771002435.176958,1.501837,-1.226409,-0.519840,1.330102,0.008989,0.011851,0.007780
1771002435.181939,1.506818,-1.176023,-0.560787,1.375235,0.008930,0.012007,0.007928
1771002435.187032,1.511911,-1.212452,-0.487351,1.388490,0.008667,0.012748,0.008204
1771002435.191911,1.516790,0.149624,-0.347838,1.728271,0.016744,0.012895,0.013951
1771002435.196890,1.521768,-1.220429,-0.477383,1.356211,0.008719,0.012543,0.008121
1771002435.201868,1.526746,-1.207665,-0.520521,1.379596,0.008905,0.011756,0.007836
1771002435.206837,1.531716,-1.223095,-0.491242,1.334422,0.008673,0.013132,0.008163
1771002435.211829,1.536708,-1.216215,-0.586289,1.333100,0.009726,0.012112,0.007775
1771002435.216826,1.541705,-1.158317,-0.497124,1.364992,0.008919,0.012311,0.007912
1771002435.221781,1.546660,-1.182521,-0.596688,1.319158,0.010007,0.012564,0.008172
1771002435.226780,1.551659,-1.223076,-0.553361,1.363737,0.009405,0.011969,0.008086
1771002435.231758,1.556636,-1.205810,-0.502207,1.378607,0.008601,0.011848,0.008074
1771002435.236730,1.561609,0.143651,-0.292453,1.743464,0.016079,0.012273,0.012954
1771002435.241731,1.566610,0.142356,-0.250241,1.802463,0.015316,0.012258,0.013777
1771002435.246707,1.571585,-1.229779,-0.551348,1.355184,0.009135,0.011564,0.007841
1771002435.251694,1.576573,-1.247461,-0.538208,1.360466,0.009058,0.011820,0.007775
1771002435.256673,1.581552,-1.198376,-0.475444,1.396496,0.008332,0.012264,0.008474
1771002435.261648,1.586527,-1.217847,-0.482997,1.369303,0.008579,0.012370,0.007673
1771002435.266624,1.591503,-1.195349,-0.484885,1.383816,0.008705,0.012805,0.008503
1771002435.271608,1.596487,-1.202050,-0.526191,1.320411,0.009478,0.012504,0.008332
1771002435.276616,1.601494,-1.206092,-0.526372,1.371360,0.008902,0.012055,0.008445
1771002435.281599,1.606477,-1.184047,-0.506000,1.364051,0.008970,0.012729,0.008282
1771002435.286550,1.611428,-1.228992,-0.629033,1.319180,0.010128,0.012119,0.008378
1771002435.291924,1.616803,-1.219746,-0.481893,1.358551,0.008526,0.012109,0.007987
1771002435.296902,1.621781,-1.216935,-0.535695,1.347541,0.009147,0.012492,0.008271
1771002435.301871,1.626750,-1.198937,-0.439463,1.380784,0.008339,0.012998,0.008593
1771002435.306516,1.631394,0.103458,-0.418553,1.716574,0.017429,0.012139,0.013428
1771002435.311519,1.636398,0.165242,-0.318829,1.757215,0.016496,0.013098,0.013741
1771002435.316855,1.641733,-1.234614,-0.573254,1.332424,0.009850,0.012347,0.007831
1771002435.321478,1.646356,-1.185128,-0.534050,1.313167,0.009204,0.012885,0.007997
1771002435.327039,1.651917,-1.207474,-0.476446,1.401081,0.008482,0.012190,0.008298
1771002435.331393,1.656271,-1.196413,-0.581078,1.332046,0.009598,0.012211,0.007944
1771002435.336389,1.661268,-1.231032,-0.564562,1.320628,0.009387,0.011858,0.007889
1771002435.341412,1.666291,-1.196752,-0.477468,1.360049,0.008584,0.012732,0.008424
1771002435.346730,1.671609,-1.153749,-0.448062,1.375968,0.008471,0.012958,0.008670
1771002435.351337,1.676216,-1.215033,-0.541437,1.325866,0.009241,0.012495,0.007871
1771002435.356319,1.681198,-1.208261,-0.476436,1.373832,0.008410,0.012603,0.008021
1771002435.361302,1.686181,-1.232681,-0.431603,1.367960,0.007719,0.012433,0.007797
1771002435.366342,1.691220,-1.241737,-0.478056,1.382182,0.008500,0.012345,0.007995
1771002435.371251,1.696130,-1.266464,-0.540250,1.316006,0.008743,0.011764,0.007623
1771002435.376282,1.701161,-1.189448,-0.479043,1.334253,0.008869,0.012823,0.008480
1771002435.381958,1.706837,-1.251800,-0.573500,1.311815,0.009342,0.011767,0.007711
1771002435.386211,1.711090,-1.201518,-0.552214,1.321159,0.009349,0.012153,0.007822
1771002435.391179,1.716058,-1.187890,-0.453914,1.381926,0.008425,0.013251,0.008723
1771002435.396164,1.721042,0.146815,-0.375881,1.734595,0.016740,0.012292,0.013320
1771002435.401142,1.726021,-1.211586,-0.553659,1.349918,0.009469,0.012256,0.008062
1771002435.406128,1.731007,0.093416,-0.341099,1.739940,0.016702,0.011960,0.013359
1771002435.411109,1.735988,-1.179911,-0.435186,1.381859,0.007919,0.012565,0.008523
1771002435.416088,1.740967,-1.199104,-0.536615,1.340341,0.009134,0.012162,0.007889
1771002435.421078,1.745957,-1.200534,-0.496370,1.334612,0.008997,0.013050,0.007875
1771002435.426053,1.750931,-1.193092,-0.557373,1.308689,0.009654,0.012962,0.008377
1771002435.431031,1.755909,-1.239908,-0.577405,1.328560,0.009388,0.012176,0.007924
1771002435.436033,1.760912,-1.204940,-0.459030,1.336230,0.008361,0.013733,0.008419
1771002435.441009,1.765887,-1.165667,-0.494379,1.393329,0.008623,0.012433,0.008662
1771002435.445987,1.770866,-1.214207,-0.494357,1.388305,0.008687,0.011975,0.007737
1771002435.450964,1.775843,-1.223207,-0.557404,1.329628,0.008977,0.012150,0.008217
1771002435.455945,1.780824,-1.184768,-0.494352,1.377425,0.008769,0.012845,0.008731
1771002435.460929,1.785808,-1.851753,-1.197975,0.923958,0.014161,-0.000258,-0.006647
1771002435.465913,1.790792,-0.874517,-1.107206,0.925011,0.018177,0.010806,0.013751
1771002435.470888,1.795766,-1.255175,-0.497558,1.349015,0.008544,0.011649,0.007285
1771002435.475883,1.800762,-1.173591,-0.583239,1.364748,0.009210,0.012062,0.008448
1771002435.480853,1.805732,-1.174245,-0.516201,1.372647,0.008817,0.012245,0.008337
1771002435.485842,1.810720,-1.164958,-0.473559,1.375690,0.008537,0.012882,0.008087
1771002435.490860,1.815739,-1.255053,-0.556498,1.356041,0.008821,0.011596,0.008353
1771002435.496449,1.821327,-1.173573,-0.455401,1.404487,0.007931,0.012688,0.008124
1771002435.500792,1.825670,-1.235662,-0.559119,1.367296,0.009513,0.011651,0.007734
1771002435.505779,1.830658,-1.211478,-0.480104,1.363747,0.008418,0.011827,0.007845
1771002435.511172,1.836050,-1.253239,-0.587302,1.331958,0.009597,0.011305,0.007092
1771002435.515743,1.840622,-1.189098,-0.565388,1.323154,0.009759,0.012447,0.008111
1771002435.520763,1.845642,-1.215138,-0.547753,1.333028,0.009432,0.012506,0.008317
1771002435.526083,1.850962,-1.224786,-0.526922,1.383928,0.008708,0.011176,0.007403
1771002435.530683,1.855561,-1.214680,-0.631047,1.338570,0.009978,0.011877,0.008331
1771002435.535661,1.860540,0.123059,-0.348081,1.755466,0.016708,0.012622,0.013453
1771002435.540693,1.865571,-1.236382,-0.504298,1.372580,0.008618,0.012139,0.008031
1771002435.546023,1.870901,0.145649,-0.357979,1.733772,0.016747,0.012350,0.013194
1771002435.550608,1.875487,0.131233,-0.453371,1.731180,0.017933,0.012459,0.013614
1771002435.555597,1.880476,-1.217665,-0.538204,1.361753,0.009307,0.012207,0.007679
1771002435.560565,1.885443,-1.216016,-0.514763,1.362540,0.009199,0.011922,0.007578
1771002435.565600,1.890479,-1.211066,-0.460691,1.360344,0.008383,0.012533,0.007684
1771002435.571031,1.895910,-1.218739,-0.491442,1.388978,0.008626,0.012404,0.008227
1771002435.575541,1.900420,-1.179938,-0.539523,1.363681,0.008955,0.012021,0.008230
1771002435.580507,1.905386,-1.212229,-0.495684,1.406579,0.008288,0.011841,0.008158
1771002435.585538,1.910417,-1.825994,-1.163775,0.919691,0.014090,0.000419,-0.006070
1771002435.590858,1.915736,0.153254,-0.033737,-0.280386,-0.001729,-0.002379,-0.001727
1771002435.595455,1.920334,0.119383,-0.054983,-0.298785,-0.002008,-0.002776,-0.002151
1771002435.600447,1.925326,0.193812,0.036589,-0.258987,-0.002638,-0.002833,-0.001487
1771002435.605442,1.930320,0.119705,0.079693,-0.251142,-0.002993,-0.002773,-0.001753
1771002435.610406,1.935284,-1.274364,-0.528585,1.259128,0.009515,0.012177,0.006947
1771002435.615380,1.940259,0.141768,-0.414520,1.703190,0.017254,0.012566,0.013887
1771002435.620412,1.945290,-1.230702,-0.572187,1.342983,0.009321,0.011690,0.008033
1771002435.625353,1.950231,-1.196479,-0.596565,1.321959,0.009561,0.011652,0.007823
1771002435.630335,1.955214,-1.207718,-0.546640,1.371411,0.009081,0.012156,0.008301
1771002435.635321,1.960200,-1.199561,-0.495314,1.349425,0.008808,0.011962,0.007850
1771002435.640286,1.965165,-1.240628,-0.523439,1.347363,0.008831,0.011969,0.007707
1771002435.645278,1.970157,-1.215213,-0.524437,1.336143,0.009151,0.011746,0.007522
1771002435.650259,1.975138,-1.241924,-0.691240,1.296211,0.010536,0.011259,0.007666
1771002435.655234,1.980112,0.138103,-0.407055,1.702460,0.017362,0.013009,0.013720
1771002435.660235,1.985114,-1.220775,-0.544894,1.335875,0.009347,0.012385,0.008208
1771002435.665200,1.990078,-1.216577,-0.565005,1.357221,0.009543,0.011979,0.007842
1771002435.670179,1.995058,-1.247786,-0.536901,1.348379,0.009167,0.012009,0.007763
1771002435.675171,2.000050,-1.207048,-0.527276,1.381698,0.008917,0.011934,0.007846
1771002435.680148,2.005027,-1.228290,-0.560473,1.289568,0.009526,0.012880,0.008029
1771002435.685139,2.010018,0.133353,-0.357131,1.741414,0.016919,0.012437,0.013404
1771002435.690119,2.014998,0.112843,-0.443122,1.707518,0.017669,0.012231,0.013341
1771002435.695108,2.019986,-1.237672,-0.503644,1.381497,0.008649,0.011587,0.007912
1771002435.700084,2.024963,-1.238948,-0.554098,1.354172,0.009259,0.011650,0.007627
1771002435.705061,2.029940,-1.180181,-0.486239,1.334896,0.008568,0.012381,0.008235
1771002435.710385,2.035263,-1.196702,-0.559665,1.338889,0.009423,0.011590,0.007627
1771002435.715365,2.040244,-1.180393,-0.498264,1.385524,0.008781,0.011776,0.008190
1771002435.720028,2.044907,-1.181778,-0.437634,1.361208,0.008242,0.013025,0.008135
1771002435.724997,2.049876,-1.199378,-0.502536,1.371777,0.008715,0.012165,0.008002
1771002435.729975,2.054854,-1.233676,-0.581091,1.333421,0.009567,0.012279,0.008128
1771002435.734952,2.059831,-1.222396,-0.588307,1.316071,0.010034,0.012196,0.008093
1771002435.739931,2.064809,-1.196390,-0.566720,1.354501,0.009569,0.012170,0.008533
1771002435.744941,2.069819,-1.164686,-0.440778,1.397918,0.008084,0.012669,0.007860
1771002435.749887,2.074766,-1.131656,-0.487955,1.384604,0.008782,0.012895,0.008779
1771002435.754900,2.079778,-1.195807,-0.515405,1.368621,0.009023,0.012974,0.008347
1771002435.759879,2.084758,-1.205291,-0.415235,1.391970,0.007625,0.012047,0.007268
1771002435.764852,2.089731,-1.179858,-0.469491,1.391347,0.008287,0.011881,0.008214
1771002435.769868,2.094747,-1.316116,-0.756179,0.662321,0.013724,-0.000593,-0.001961
1771002435.774811,2.099690,0.083642,-0.076816,-0.362149,-0.001880,-0.002791,-0.001749
1771002435.779788,2.104666,0.164065,-0.054870,-0.298728,-0.002042,-0.002632,-0.001907
1771002435.784795,2.109674,0.198532,0.007638,-0.274590,-0.002344,-0.002696,-0.001894
1771002435.789758,2.114636,0.148697,0.093092,-0.244805,-0.002929,-0.002417,-0.001646
1771002435.794747,2.119626,0.173350,-0.090933,-0.337918,-0.001620,-0.002867,-0.001646
1771002435.799738,2.124617,0.199991,0.095258,-0.254548,-0.002888,-0.002512,-0.001674
1771002435.804958,2.129837,0.147547,0.045943,-0.256362,-0.002504,-0.002330,-0.001587
1771002435.810071,2.134950,0.171343,0.006580,-0.297704,-0.002644,-0.003086,-0.001463
1771002435.814652,2.139531,0.199966,-0.079169,-0.365029,-0.001755,-0.003035,-0.001694
1771002435.820237,2.145115,0.183781,-0.021149,-0.301595,-0.002158,-0.002696,-0.001685
1771002435.824631,2.149510,0.187807,-0.013390,-0.325016,-0.002125,-0.002718,-0.001579
1771002435.829665,2.154544,0.163673,-0.049926,-0.321108,-0.001987,-0.002564,-0.001646
1771002435.835165,2.160044,0.159235,-0.064436,-0.316314,-0.001633,-0.002686,-0.001620
1771002435.839592,2.164471,0.138704,0.044373,-0.287507,-0.002776,-0.002825,-0.002298
1771002435.844579,2.169458,0.116238,-0.093619,-0.316055,-0.001419,-0.002732,-0.001654
1771002435.850111,2.174989,0.207133,0.055710,-0.266094,-0.002441,-0.002705,-0.001459
1771002435.854533,2.179412,0.143236,-0.101098,-0.355728,-0.000986,-0.002470,-0.001711
1771002435.859515,2.184394,0.167520,-0.044804,-0.315926,-0.001882,-0.002579,-0.001547
1771002435.864494,2.189373,0.193805,0.099646,-0.253174,-0.002895,-0.002636,-0.001492
1771002435.869517,2.194396,0.205450,-0.026099,-0.269904,-0.001947,-0.002645,-0.001038
1771002435.874496,2.199375,0.186606,-0.016516,-0.296454,-0.002047,-0.002783,-0.001320
1771002435.879440,2.204318,0.181342,-0.038347,-0.301277,-0.001828,-0.002692,-0.001873
1771002435.884431,2.209310,0.205469,-0.012341,-0.287094,-0.001818,-0.002563,-0.001351
1771002435.889408,2.214287,0.178706,0.033257,-0.279930,-0.002272,-0.002377,-0.000903
1771002435.894416,2.219295,0.201836,0.055394,-0.286239,-0.002748,-0.002541,-0.001764
1771002435.899931,2.224810,0.145073,-0.055735,-0.340088,-0.001659,-0.002544,-0.001485
1771002435.904380,2.229258,0.187469,-0.037802,-0.365941,-0.002051,-0.003079,-0.001727
1771002435.909340,2.234218,0.145589,0.016364,-0.314581,-0.002817,-0.003106,-0.002475
1771002435.914897,2.239776,0.161183,-0.044274,-0.319896,-0.002105,-0.002564,-0.001663
1771002435.919355,2.244233,0.171451,-0.019027,-0.316509,-0.002043,-0.002707,-0.001455
1771002435.924281,2.249160,0.186127,-0.013680,-0.341918,-0.002036,-0.003021,-0.001644
1771002435.929805,2.254684,0.145326,-0.097640,-0.355385,-0.001090,-0.002555,-0.001700
1771002435.934239,2.259118,0.166834,0.065985,-0.277209,-0.002747,-0.002692,-0.001889
1771002435.939840,2.264719,0.207533,0.126812,-0.279210,-0.002903,-0.001722,-0.001413
1771002435.944213,2.269092,0.162649,0.086449,-0.267642,-0.003365,-0.003073,-0.001876
1771002435.949186,2.274065,0.210027,-0.046475,-0.391393,-0.001273,-0.001995,-0.001175
1771002435.954707,2.279585,0.153662,-0.092380,-0.360666,-0.001308,-0.002908,-0.001582
1771002435.959164,2.284043,0.144566,-0.049773,-0.307512,-0.002029,-0.002763,-0.001566
1771002435.964143,2.289022,0.160220,-0.052479,-0.340190,-0.001355,-0.002592,-0.001037
1771002435.969148,2.294027,0.167885,0.006700,-0.280370,-0.002416,-0.002510,-0.001572
1771002435.974110,2.298989,0.187145,-0.038759,-0.380111,-0.001876,-0.002786,-0.002041
1771002435.979115,2.303993,0.138416,-0.001259,-0.339126,-0.001893,-0.002372,-0.001976
1771002435.984605,2.309484,0.204171,-0.092966,-0.350818,-0.001213,-0.002627,-0.001306
1771002435.989094,2.313973,0.161121,-0.067600,-0.367907,-0.001274,-0.002516,-0.001553
1771002435.994060,2.318938,0.214613,0.057295,-0.263804,-0.002356,-0.002605,-0.001102
1771002435.999528,2.324407,0.151856,-0.144817,-0.402632,-0.001082,-0.003045,-0.001828
1771002436.004010,2.328888,0.172361,0.032638,-0.341820,-0.002980,-0.002890,-0.002062
1771002436.008987,2.333866,0.168626,0.061466,-0.305843,-0.002300,-0.002439,-0.001973
1771002436.014537,2.339416,0.187664,0.012211,-0.317314,-0.002608,-0.002756,-0.001631
1771002436.018987,2.343866,0.202960,0.029394,-0.329866,-0.002037,-0.002230,-0.001569
1771002436.024455,2.349334,0.175827,0.042181,-0.286772,-0.002348,-0.002336,-0.001391
1771002436.028942,2.353821,0.174134,0.077750,-0.281084,-0.003098,-0.002741,-0.002056
1771002436.033887,2.358765,0.163953,-0.056191,-0.353955,-0.001764,-0.002680,-0.001703
1771002436.039459,2.364337,0.209715,0.081684,-0.231527,-0.003036,-0.002336,-0.001410
1771002436.043853,2.368732,0.215466,-0.060882,-0.348025,-0.001628,-0.002691,-0.001504
1771002436.048883,2.373762,0.161604,0.089397,-0.281715,-0.002925,-0.002482,-0.001695
1771002436.054351,2.379230,0.234253,0.075236,-0.289391,-0.002325,-0.002247,-0.001269
1771002436.058840,2.383719,0.190889,-0.022743,-0.375371,-0.001505,-0.002169,-0.001490
1771002436.063777,2.388656,0.172005,0.007637,-0.316156,-0.001909,-0.002533,-0.001701
1771002436.069354,2.394233,0.209160,-0.130752,-0.403219,-0.000946,-0.002859,-0.001507
1771002436.073749,2.398628,0.225584,0.065743,-0.285487,-0.002695,-0.002592,-0.001567
1771002436.079243,2.404121,0.162966,-0.045987,-0.375566,-0.001809,-0.003158,-0.001852
1771002436.083705,2.408584,0.190918,-0.023616,-0.341810,-0.002040,-0.002717,-0.001817
1771002436.088686,2.413564,0.140644,0.074271,-0.289401,-0.002874,-0.002746,-0.002304
1771002436.094206,2.419085,0.162696,0.059504,-0.273515,-0.002821,-0.002649,-0.002065
1771002436.098632,2.423510,0.168932,-0.033414,-0.320741,-0.001877,-0.001990,-0.001555
1771002436.103619,2.428498,0.147109,-0.035507,-0.332568,-0.001690,-0.002731,-0.001844
1771002436.109170,2.434048,0.186435,-0.046100,-0.323997,-0.001947,-0.002359,-0.001317
1771002436.113604,2.438483,0.164207,-0.069465,-0.316350,-0.001310,-0.002864,-0.001420
1771002436.118622,2.443501,0.186970,-0.006562,-0.346451,-0.001850,-0.002463,-0.001774
1771002436.123587,2.448466,0.200154,-0.022486,-0.313495,-0.001906,-0.002411,-0.001504
1771002436.128881,2.453759,0.152045,0.057311,-0.290517,-0.002700,-0.002696,-0.002147
1771002436.133555,2.458433,0.162757,-0.024276,-0.319549,-0.002154,-0.002693,-0.001800
1771002436.138536,2.463415,0.202613,-0.014888,-0.337884,-0.001827,-0.002615,-0.001639
1771002436.143483,2.468362,0.152162,-0.067037,-0.366365,-0.001547,-0.002568,-0.001667
1771002436.148464,2.473343,0.197684,-0.112346,-0.332457,-0.001265,-0.002759,-0.001421
1771002436.153450,2.478328,0.155771,-0.061268,-0.329996,-0.001816,-0.002872,-0.001816
1771002436.158428,2.483307,0.224704,0.013607,-0.333570,-0.002124,-0.002345,-0.001188
1771002436.163421,2.488299,0.166987,-0.035217,-0.365477,-0.001837,-0.002600,-0.001721
1771002436.168401,2.493280,0.170120,-0.076707,-0.357263,-0.001690,-0.002873,-0.001631
1771002436.173373,2.498251,0.177925,0.057792,-0.287982,-0.002462,-0.002574,-0.001415
1771002436.178355,2.503234,0.169128,0.061641,-0.299965,-0.003146,-0.003142,-0.002164
1771002436.183332,2.508211,0.204006,-0.016269,-0.324839,-0.001873,-0.002360,-0.001572
1771002436.188323,2.513201,0.157079,0.065017,-0.283892,-0.002908,-0.003013,-0.001706
1771002436.193305,2.518184,0.201020,-0.034605,-0.296393,-0.002326,-0.002794,-0.001377
1771002436.198285,2.523164,0.186005,-0.008231,-0.313168,-0.001964,-0.002346,-0.001411
1771002436.203258,2.528136,0.130911,-0.069443,-0.310771,-0.001513,-0.002704,-0.001501
1771002436.208240,2.533119,0.216168,-0.044034,-0.296998,-0.001801,-0.002504,-0.001014
1771002436.213226,2.538105,0.163293,-0.033390,-0.320363,-0.001751,-0.002654,-0.001775
1771002436.218220,2.543098,0.131615,-0.012777,-0.301393,-0.002328,-0.002635,-0.001661
1771002436.223186,2.548065,0.144971,-0.031201,-0.320148,-0.001962,-0.002576,-0.001764
1771002436.228182,2.553060,0.163516,-0.049341,-0.314545,-0.001292,-0.002242,-0.001357
1771002436.233147,2.558026,0.168089,-0.064284,-0.303346,-0.001556,-0.002303,-0.001479
1771002436.238135,2.563014,0.121696,-0.120416,-0.356609,-0.001354,-0.002870,-0.001872
1771002436.243119,2.567997,0.185231,-0.071728,-0.320852,-0.001659,-0.002741,-0.001460
1771002436.248099,2.572978,0.164321,-0.061029,-0.324195,-0.001461,-0.003149,-0.001206
1771002436.253082,2.577960,0.204394,-0.040622,-0.319314,-0.002596,-0.002684,-0.001501
1771002436.258070,2.582949,0.186797,0.057245,-0.285377,-0.002277,-0.002462,-0.001412
1771002436.263052,2.587930,0.148995,0.020072,-0.307318,-0.002333,-0.002637,-0.001843
1771002436.268033,2.592911,0.138316,-0.096362,-0.358460,-0.001685,-0.002665,-0.002023
1771002436.273014,2.597893,0.168562,-0.099048,-0.335147,-0.000695,-0.002568,-0.001500
1771002436.277992,2.602870,0.185901,0.019799,-0.317556,-0.002196,-0.002958,-0.001975
1771002436.282973,2.607852,0.179991,-0.063905,-0.357190,-0.001760,-0.002988,-0.001401
1771002436.287949,2.612828,0.141354,-0.052518,-0.323180,-0.002094,-0.002612,-0.001717
1771002436.292938,2.617817,0.114191,-0.021211,-0.300410,-0.002305,-0.002928,-0.001922
1771002436.297952,2.622831,0.174444,-0.121256,-0.349519,-0.001393,-0.002919,-0.001529
1771002436.302911,2.627790,0.223376,-0.067291,-0.353062,-0.001319,-0.002239,-0.001073
1771002436.307883,2.632761,0.185843,-0.023390,-0.314060,-0.001777,-0.002355,-0.001668
1771002436.312864,2.637743,0.125427,-0.073907,-0.337106,-0.001449,-0.002424,-0.001485
1771002436.317844,2.642723,0.148279,0.009223,-0.311953,-0.002199,-0.002802,-0.002073
1771002436.322830,2.647708,0.190399,-0.028338,-0.355845,-0.001610,-0.002284,-0.001475
1771002436.327820,2.652699,0.187697,0.004184,-0.332700,-0.002362,-0.002880,-0.001785
1771002436.332806,2.657685,0.159689,0.073048,-0.270322,-0.002529,-0.002703,-0.001473
1771002436.337784,2.662662,0.132612,-0.054485,-0.337024,-0.001704,-0.002758,-0.001680
1771002436.342756,2.667634,0.161124,-0.022890,-0.326551,-0.002065,-0.003126,-0.001824
1771002436.347748,2.672627,0.199761,-0.031320,-0.315838,-0.001880,-0.002492,-0.001425
1771002436.352720,2.677598,0.164101,-0.025233,-0.340347,-0.002176,-0.003032,-0.001790
1771002436.357704,2.682583,0.199535,-0.067221,-0.344128,-0.001860,-0.002690,-0.001523
1771002436.362684,2.687563,0.194075,-0.119830,-0.343785,-0.001146,-0.002750,-0.001474
1771002436.367677,2.692556,0.211003,-0.043653,-0.320883,-0.001795,-0.002720,-0.001428
1771002436.372649,2.697528,0.186138,0.010159,-0.284153,-0.002207,-0.002696,-0.001430
1771002436.377630,2.702509,0.165507,-0.091196,-0.336806,-0.001408,-0.002834,-0.001602
1771002436.382630,2.707509,0.170502,-0.073866,-0.347081,-0.001277,-0.002468,-0.001567
1771002436.387592,2.712470,0.182009,-0.060395,-0.356272,-0.001841,-0.002748,-0.001973
1771002436.392587,2.717466,0.225078,-0.043682,-0.385277,-0.001578,-0.002205,-0.001413
1771002436.397560,2.722439,0.182359,0.025972,-0.351860,-0.002321,-0.002523,-0.001872
1771002436.402540,2.727419,0.161135,-0.035446,-0.332460,-0.001373,-0.002218,-0.001106
1771002436.407520,2.732399,0.183893,0.034725,-0.280110,-0.002548,-0.002553,-0.001450
1771002436.412510,2.737388,0.175959,-0.026913,-0.353709,-0.002097,-0.002724,-0.001717
1771002436.417487,2.742365,0.194980,0.077704,-0.273117,-0.002457,-0.002467,-0.001448
1771002436.422493,2.747372,0.227878,-0.014450,-0.317513,-0.001827,-0.002327,-0.001073
1771002436.427449,2.752328,0.193510,-0.029962,-0.326762,-0.001713,-0.002507,-0.001607
1771002436.432431,2.757310,0.221196,0.003704,-0.309922,-0.002269,-0.002612,-0.001228
1771002436.437419,2.762298,0.175862,-0.060324,-0.311594,-0.001774,-0.002698,-0.001394
1771002436.442406,2.767285,0.134836,-0.093520,-0.355658,-0.001582,-0.002936,-0.001665
1771002436.447375,2.772254,0.191727,-0.099606,-0.369977,-0.001678,-0.003128,-0.001816
1771002436.452370,2.777248,0.132809,-0.031535,-0.330295,-0.001990,-0.002520,-0.002049
1771002436.457342,2.782221,0.129222,-0.009974,-0.330729,-0.002011,-0.002828,-0.001941
1771002436.462322,2.787200,0.199066,-0.047334,-0.346149,-0.001720,-0.002603,-0.001380
1771002436.467299,2.792177,0.174872,-0.089813,-0.369717,-0.001594,-0.002943,-0.001778
1771002436.472280,2.797159,0.130865,0.023737,-0.287318,-0.002492,-0.002912,-0.001792
1771002436.477280,2.802159,0.232273,0.016170,-0.342400,-0.002128,-0.002378,-0.001557
1771002436.482261,2.807140,0.193262,0.029873,-0.337393,-0.001908,-0.002315,-0.001499
1771002436.487232,2.812110,0.154673,-0.025931,-0.339427,-0.001828,-0.002992,-0.001934
1771002436.492230,2.817109,0.169699,-0.088164,-0.371260,-0.001258,-0.003084,-0.001889
1771002436.497191,2.822070,0.169325,0.069884,-0.266953,-0.002852,-0.002645,-0.001737
1771002436.502177,2.827056,0.193220,-0.007385,-0.337688,-0.002002,-0.002747,-0.001645
1771002436.507159,2.832038,0.182186,0.027630,-0.304565,-0.002215,-0.002773,-0.001330
1771002436.512156,2.837035,0.191697,0.053889,-0.280408,-0.002125,-0.002332,-0.001251
1771002436.517132,2.842010,0.202271,-0.008088,-0.341802,-0.001626,-0.002286,-0.001254
1771002436.522100,2.846978,0.154032,-0.058884,-0.331715,-0.001834,-0.002398,-0.001705
1771002436.527089,2.851968,0.149924,-0.052589,-0.361010,-0.001525,-0.002558,-0.002013
1771002436.532072,2.856951,0.164546,-0.024685,-0.321669,-0.001759,-0.002804,-0.001320
1771002436.537053,2.861932,0.181665,0.010472,-0.323818,-0.002370,-0.002619,-0.001853
1771002436.542033,2.866911,0.185259,-0.035069,-0.324689,-0.001782,-0.002223,-0.001499
1771002436.547021,2.871900,0.210831,0.039862,-0.311153,-0.001895,-0.001984,-0.001487
1771002436.552006,2.876885,0.198074,-0.075214,-0.365085,-0.001794,-0.002909,-0.001735
1771002436.556979,2.881858,0.144631,-0.095227,-0.358526,-0.001144,-0.002445,-0.001879
1771002436.561960,2.886839,0.162327,-0.025219,-0.318634,-0.002289,-0.002773,-0.001994
1771002436.566954,2.891832,0.189128,-0.088476,-0.391887,-0.000941,-0.002497,-0.001318
1771002436.571924,2.896803,0.169949,-0.027484,-0.358798,-0.001751,-0.002719,-0.001720
1771002436.576908,2.901786,0.171555,-0.037217,-0.321103,-0.001617,-0.002629,-0.001622
1771002436.581982,2.906861,0.160711,-0.117242,-0.404006,-0.000536,-0.003012,-0.001666
1771002436.586882,2.911761,0.030488,0.000024,-0.445418,-0.002972,-0.003083,-0.002110
1771002436.591859,2.916738,0.219984,0.010351,-0.462774,-0.001260,-0.001710,-0.001184
1771002436.596840,2.921719,0.215956,-0.000584,-0.341261,-0.002087,-0.002624,-0.001288
1771002436.601821,2.926699,0.190100,0.007538,-0.326789,-0.001935,-0.002708,-0.001274
1771002436.606796,2.931674,0.183498,0.074699,-0.305135,-0.002767,-0.002726,-0.001686
1771002436.611792,2.936671,0.186257,-0.046406,-0.302497,-0.002000,-0.002794,-0.001766
1771002436.616772,2.941651,0.179480,-0.032399,-0.339210,-0.001654,-0.002748,-0.001804
1771002436.621746,2.946624,0.230526,0.055546,-0.345390,-0.002334,-0.002585,-0.001534
1771002436.626726,2.951605,0.146185,-0.051063,-0.367445,-0.001461,-0.002519,-0.001958
1771002436.631714,2.956592,0.180619,-0.042534,-0.368420,-0.001650,-0.002819,-0.001811
1771002436.636694,2.961573,0.152023,-0.140061,-0.417726,-0.000912,-0.003014,-0.001412
1771002436.641675,2.966554,0.180510,-0.101912,-0.410132,-0.001013,-0.002769,-0.001777
1771002436.646657,2.971536,0.179240,0.269463,-0.332172,-0.003091,-0.001792,-0.001276
1771002436.651636,2.976515,0.171445,0.009435,-0.295254,-0.002449,-0.002982,-0.001629
1771002436.656623,2.981502,0.169034,0.060154,-0.296154,-0.002665,-0.002698,-0.001755
1771002436.661599,2.986478,0.177586,0.106752,-0.263359,-0.002492,-0.002529,-0.001819
1771002436.666566,2.991445,0.197660,0.048918,-0.322859,-0.002316,-0.002159,-0.001680
1771002436.671565,2.996444,0.187456,-0.034212,-0.359712,-0.001882,-0.002534,-0.001463
1771002436.676542,3.001421,0.191500,-0.077680,-0.396569,-0.001546,-0.002853,-0.001600
1771002436.681528,3.006407,0.201986,-0.038770,-0.373291,-0.001243,-0.002742,-0.001506
1771002436.686543,3.011422,0.189520,-0.038354,-0.369626,-0.001441,-0.002223,-0.001366
1771002436.691491,3.016370,0.207913,-0.051832,-0.415751,-0.001628,-0.002399,-0.001520
1771002436.696478,3.021357,0.243166,0.110483,-0.319226,-0.002841,-0.002352,-0.001511
1771002436.701450,3.026329,0.180621,-0.053638,-0.362802,-0.001584,-0.002447,-0.001825
1771002436.706437,3.031316,0.191873,0.036894,-0.322538,-0.002380,-0.002796,-0.001877
1771002436.711424,3.036302,0.202912,0.061951,-0.352725,-0.002490,-0.002346,-0.001571
1771002436.716403,3.041282,0.199209,-0.108955,-0.354826,-0.001456,-0.002870,-0.001488
1771002436.721383,3.046262,0.154316,-0.022859,-0.330368,-0.001911,-0.002617,-0.001762
1771002436.726362,3.051240,0.215704,-0.017239,-0.353336,-0.001692,-0.002393,-0.001186
1771002436.731360,3.056239,0.204185,0.004469,-0.357098,-0.002070,-0.002349,-0.001531
1771002436.736386,3.061264,0.170193,-0.087853,-0.346471,-0.001586,-0.002731,-0.001378
1771002436.741311,3.066190,0.151268,-0.096852,-0.371416,-0.001465,-0.003054,-0.001776
1771002436.746306,3.071184,0.210995,0.058162,-0.246582,-0.002494,-0.002716,-0.001335
1771002436.751274,3.076153,0.133633,0.007361,-0.322568,-0.002086,-0.002799,-0.002046
1771002436.756261,3.081140,0.191680,0.143336,-0.264382,-0.003394,-0.002654,-0.001961
1771002436.761238,3.086117,0.171963,0.056334,-0.260960,-0.002682,-0.002551,-0.001777
1771002436.766262,3.091140,0.161917,-0.026891,-0.332894,-0.002267,-0.002770,-0.001837
1771002436.771197,3.096076,0.109906,-0.048073,-0.391858,-0.001550,-0.002752,-0.002202
1771002436.776185,3.101064,0.180622,-0.024515,-0.355162,-0.001841,-0.002866,-0.001806
1771002436.781190,3.106069,0.190190,-0.038416,-0.357018,-0.001642,-0.002441,-0.001474
1771002436.786155,3.111034,0.157374,-0.085756,-0.424713,-0.001705,-0.002591,-0.002134
1771002436.791136,3.116015,0.177623,0.017644,-0.301630,-0.002115,-0.002417,-0.001652
1771002436.796124,3.121002,0.238545,0.037797,-0.384360,-0.002334,-0.002277,-0.001588
1771002436.801082,3.125961,0.132696,-0.042258,-0.328123,-0.001481,-0.002440,-0.001382
1771002436.806091,3.130969,0.162991,0.030034,-0.321300,-0.002284,-0.002661,-0.001982
1771002436.811071,3.135950,0.190511,-0.024259,-0.346930,-0.001852,-0.002730,-0.001877
1771002436.816059,3.140937,0.159542,-0.060537,-0.369570,-0.001287,-0.002561,-0.001891
1771002436.821027,3.145905,0.164329,-0.060309,-0.367342,-0.001709,-0.002798,-0.001787
1771002436.826006,3.150885,0.172729,-0.050275,-0.349116,-0.001576,-0.002648,-0.001733
1771002436.830990,3.155868,0.206290,0.022236,-0.326600,-0.001882,-0.002377,-0.001420
1771002436.835982,3.160860,0.208582,-0.078286,-0.373112,-0.001430,-0.002562,-0.001653
1771002436.840951,3.165829,0.187802,-0.077427,-0.372465,-0.001426,-0.002754,-0.001689
1771002436.845917,3.170796,0.166449,-0.003707,-0.316555,-0.002227,-0.003023,-0.001890
1771002436.850928,3.175806,0.140410,0.062467,-0.281388,-0.002314,-0.002259,-0.001827
1771002436.855899,3.180777,0.158921,-0.084923,-0.359592,-0.001424,-0.002760,-0.001556
1771002436.860881,3.185760,0.157598,-0.075511,-0.352062,-0.001581,-0.002330,-0.001685
1771002436.865901,3.190779,0.186213,0.035452,-0.300693,-0.002506,-0.002800,-0.001709
1771002436.871025,3.195904,0.171430,-0.053895,-0.319877,-0.002118,-0.002652,-0.001507
1771002436.876161,3.201040,0.192593,-0.024174,-0.339385,-0.002163,-0.002678,-0.001613
1771002436.880902,3.205781,0.216037,-0.037313,-0.386027,-0.001481,-0.002357,-0.001213
1771002436.885793,3.210672,0.152898,-0.070070,-0.364808,-0.001344,-0.002759,-0.001606
1771002436.890771,3.215650,0.152668,-0.046654,-0.354640,-0.001723,-0.002620,-0.002013
1771002436.895749,3.220628,0.187966,-0.026379,-0.328797,-0.002058,-0.002715,-0.001540
1771002436.900736,3.225615,0.190510,0.014821,-0.307615,-0.002070,-0.002618,-0.001347
1771002436.905716,3.230594,0.167163,0.001420,-0.319762,-0.002273,-0.002784,-0.001696
1771002436.910695,3.235574,0.189796,0.061152,-0.296535,-0.002674,-0.002485,-0.001587
1771002436.915678,3.240557,0.175087,-0.021136,-0.342077,-0.002035,-0.002434,-0.001886
1771002436.920664,3.245543,0.160831,0.025265,-0.323835,-0.002277,-0.002635,-0.002295
1771002436.925649,3.250528,0.148212,0.033520,-0.315892,-0.002774,-0.002981,-0.002295
1771002436.930607,3.255485,0.159939,-0.035207,-0.345412,-0.001839,-0.002999,-0.001855
1771002436.935609,3.260488,0.209269,0.040407,-0.307263,-0.002345,-0.002324,-0.001537
1771002436.940587,3.265465,0.153219,-0.017651,-0.317088,-0.001645,-0.002675,-0.001617
1771002436.945570,3.270448,0.191613,-0.048484,-0.348131,-0.001483,-0.002767,-0.001523
1771002436.950563,3.275441,0.195585,-0.026451,-0.329808,-0.001844,-0.002828,-0.001543
1771002436.955901,3.280780,0.190996,0.135624,-0.268136,-0.003145,-0.002604,-0.001957
1771002436.960866,3.285745,0.216477,-0.049191,-0.339412,-0.001950,-0.002776,-0.001605
1771002436.965843,3.290722,0.172919,0.002543,-0.317201,-0.001949,-0.002314,-0.001412
1771002436.970833,3.295712,0.185347,0.015711,-0.314770,-0.002251,-0.002861,-0.001810
1771002436.975456,3.300334,0.140511,0.010362,-0.310408,-0.002192,-0.002418,-0.002000
1771002436.980443,3.305321,0.159648,0.102064,-0.284039,-0.002689,-0.002531,-0.002005
1771002436.985427,3.310306,0.143624,-0.074093,-0.352924,-0.001498,-0.002733,-0.001571
1771002436.990405,3.315284,0.167025,0.010935,-0.334326,-0.002234,-0.002508,-0.001862
1771002436.995403,3.320282,0.177917,-0.004836,-0.314804,-0.002234,-0.002747,-0.001554
1771002437.000369,3.325248,0.192914,-0.022775,-0.380326,-0.001819,-0.002588,-0.001668
1771002437.005353,3.330231,0.185479,-0.124778,-0.425124,-0.000809,-0.002855,-0.001455
1771002437.010335,3.335214,0.192209,-0.060449,-0.373089,-0.001412,-0.002412,-0.001738
1771002437.015319,3.340198,0.191159,-0.077185,-0.334699,-0.001766,-0.002686,-0.001610
1771002437.020309,3.345187,0.158121,-0.096953,-0.352013,-0.001392,-0.002989,-0.001598
1771002437.025280,3.350158,0.216874,-0.016016,-0.363982,-0.001680,-0.002669,-0.001656
1771002437.030263,3.355142,0.132957,0.051944,-0.309221,-0.002566,-0.002393,-0.001801
1771002437.035233,3.360111,0.135751,0.010805,-0.307878,-0.002590,-0.002871,-0.002043
1771002437.040236,3.365115,0.161848,-0.077516,-0.354859,-0.001822,-0.002963,-0.001786
1771002437.045218,3.370096,0.216839,0.076116,-0.261140,-0.002639,-0.002500,-0.001271
1771002437.050193,3.375072,0.139542,-0.042501,-0.335668,-0.001804,-0.002631,-0.001930
1771002437.055175,3.380053,0.197243,0.027535,-0.329330,-0.001945,-0.002595,-0.001669
1771002437.060153,3.385031,0.149050,-0.041808,-0.328298,-0.001918,-0.002707,-0.001854
1771002437.065134,3.390013,0.135118,-0.053215,-0.341102,-0.001810,-0.002959,-0.002191
1771002437.070116,3.394995,0.144293,0.016902,-0.280996,-0.002165,-0.002697,-0.001591
1771002437.075095,3.399974,0.117191,-0.019837,-0.336872,-0.001834,-0.002762,-0.001986
1771002437.080092,3.404971,0.199349,-0.045168,-0.296335,-0.001750,-0.002686,-0.001341
1771002437.085069,3.409947,0.171103,-0.061210,-0.342284,-0.001718,-0.002546,-0.001773
1771002437.090044,3.414923,0.194166,0.006032,-0.323861,-0.002527,-0.002914,-0.002047
1771002437.095026,3.419905,0.197901,-0.008607,-0.308764,-0.002146,-0.002333,-0.001245
1771002437.100022,3.424901,0.166010,-0.069220,-0.383833,-0.001830,-0.002760,-0.001653
1771002437.105018,3.429896,0.179015,0.000088,-0.313289,-0.002198,-0.002597,-0.001707
1771002437.109974,3.434853,0.199064,0.053422,-0.323580,-0.002279,-0.002561,-0.002008
1771002437.114974,3.439853,0.198047,-0.013738,-0.345894,-0.002421,-0.002911,-0.002024
1771002437.119936,3.444815,0.216571,-0.025636,-0.355206,-0.001935,-0.002509,-0.001680
1771002437.124920,3.449799,0.198799,0.040863,-0.334728,-0.002616,-0.002609,-0.001944
1771002437.129902,3.454781,0.189632,-0.006340,-0.314201,-0.002026,-0.002535,-0.001446
1771002437.134879,3.459758,0.165200,-0.033252,-0.354602,-0.002106,-0.003028,-0.002006
1771002437.139865,3.464743,0.191969,-0.021900,-0.329876,-0.001769,-0.002782,-0.001569
1771002437.144838,3.469717,0.172026,0.008428,-0.332651,-0.001786,-0.002569,-0.001751
1771002437.149884,3.474762,0.151326,-0.075492,-0.381192,-0.001186,-0.002436,-0.001646
1771002437.154881,3.479759,0.159240,-0.109737,-0.382090,-0.001179,-0.002332,-0.001831
1771002437.159801,3.484680,0.175463,-0.045491,-0.370167,-0.001625,-0.002603,-0.001747
1771002437.164786,3.489665,0.166416,-0.036937,-0.343147,-0.001847,-0.002520,-0.001685
1771002437.169836,3.494715,0.165936,0.035187,-0.312676,-0.002217,-0.002756,-0.001981
1771002437.174741,3.499620,0.183688,-0.051961,-0.305557,-0.001500,-0.002600,-0.001234
1771002437.179727,3.504606,0.190786,-0.094858,-0.370476,-0.001224,-0.002860,-0.001470
1771002437.184732,3.509611,0.168855,-0.012713,-0.321908,-0.001477,-0.002242,-0.001534
1771002437.189694,3.514573,0.157381,-0.028705,-0.326947,-0.001838,-0.002742,-0.001798
1771002437.194670,3.519549,0.172608,0.000903,-0.370994,-0.002427,-0.002761,-0.002235
1771002437.199651,3.524530,0.151628,-0.029946,-0.331130,-0.002277,-0.002908,-0.002108
1771002437.204642,3.529521,0.183061,0.057870,-0.326589,-0.002452,-0.002639,-0.002001
1771002437.209607,3.534486,0.149217,0.052506,-0.258924,-0.002451,-0.002487,-0.001418
1771002437.214661,3.539539,0.133805,-0.054598,-0.315487,-0.002109,-0.002986,-0.002204
1771002437.219571,3.544450,0.184619,-0.024746,-0.328072,-0.001916,-0.002584,-0.001895
1771002437.224547,3.549426,0.155818,0.036827,-0.284902,-0.002473,-0.002488,-0.001692
1771002437.229531,3.554410,0.133861,0.021920,-0.311138,-0.002575,-0.002575,-0.001895
1771002437.234561,3.559439,0.197778,-0.075174,-0.352675,-0.001175,-0.002863,-0.001910
1771002437.239541,3.564419,0.165070,0.058150,-0.298762,-0.002499,-0.002633,-0.001934
1771002437.244882,3.569761,0.144041,-0.027169,-0.345482,-0.001854,-0.002613,-0.001886
1771002437.249462,3.574340,0.188457,-0.057031,-0.393495,-0.001362,-0.002847,-0.001653
1771002437.254484,3.579363,0.184378,0.026185,-0.364196,-0.001756,-0.002222,-0.001903
1771002437.259428,3.584306,0.203773,0.008211,-0.355083,-0.001729,-0.002590,-0.001587
1771002437.264445,3.589323,0.159259,-0.036994,-0.323432,-0.002238,-0.002675,-0.001976
1771002437.269443,3.594321,0.182524,0.028875,-0.331255,-0.002037,-0.002313,-0.001322
1771002437.274369,3.599248,0.182056,-0.016653,-0.341339,-0.002205,-0.002946,-0.001870
1771002437.279354,3.604232,0.164526,-0.062612,-0.370172,-0.001268,-0.003038,-0.001569
1771002437.284385,3.609264,0.184104,0.047606,-0.330583,-0.002184,-0.002507,-0.001662
1771002437.289341,3.614219,0.176828,-0.022137,-0.333537,-0.002328,-0.002538,-0.001487
1771002437.294313,3.619192,0.161393,0.008818,-0.340364,-0.001922,-0.002413,-0.001760
1771002437.299276,3.624154,0.159834,-0.115570,-0.377583,-0.000966,-0.002667,-0.001925
1771002437.304492,3.629371,0.122940,-0.005794,-0.320836,-0.002741,-0.002611,-0.002292
1771002437.309255,3.634134,0.190469,0.063856,-0.295290,-0.002646,-0.002876,-0.001744
1771002437.314281,3.639160,0.190033,0.056701,-0.359448,-0.002212,-0.002346,-0.001600
1771002437.319223,3.644102,0.205738,-0.035945,-0.339463,-0.001636,-0.002663,-0.001418
1771002437.324293,3.649172,0.175908,-0.010092,-0.344823,-0.001570,-0.002951,-0.001752
1771002437.329188,3.654066,0.129688,0.008024,-0.318600,-0.002139,-0.002965,-0.001912
1771002437.334158,3.659036,0.157408,-0.020941,-0.340685,-0.002027,-0.002841,-0.001646
1771002437.339167,3.664046,0.144615,0.057152,-0.321463,-0.002582,-0.002648,-0.002247
1771002437.344124,3.669002,0.162606,0.063793,-0.284674,-0.002641,-0.002630,-0.001619
1771002437.349114,3.673992,0.157851,-0.024452,-0.336568,-0.001853,-0.002708,-0.001572
1771002437.354076,3.678955,0.161541,-0.053192,-0.348537,-0.001769,-0.002841,-0.002083
1771002437.359070,3.683948,0.187887,-0.014776,-0.348236,-0.001877,-0.002456,-0.001509
1771002437.364050,3.688929,0.161792,0.067103,-0.286815,-0.002489,-0.002571,-0.001815
1771002437.369058,3.693937,0.192156,-0.004530,-0.299196,-0.002130,-0.002723,-0.001323
1771002437.374018,3.698897,0.171445,-0.047541,-0.338300,-0.001813,-0.002554,-0.001588
1771002437.378996,3.703875,0.194699,0.026379,-0.304218,-0.002379,-0.002835,-0.001802
1771002437.384651,3.709530,0.153750,0.032157,-0.320560,-0.002548,-0.002717,-0.002025
1771002437.388965,3.713843,0.167236,-0.078424,-0.373633,-0.001244,-0.002513,-0.001812
1771002437.393942,3.718821,0.200538,0.036381,-0.320221,-0.002361,-0.002524,-0.002003
1771002437.399158,3.724036,0.141222,-0.057214,-0.362865,-0.001295,-0.002763,-0.001253
1771002437.403934,3.728812,0.157949,-0.132528,-0.402804,-0.000821,-0.003405,-0.001576
1771002437.408887,3.733766,0.212993,-0.066890,-0.377566,-0.001287,-0.002606,-0.001315
1771002437.413866,3.738744,0.163879,0.000112,-0.308475,-0.002171,-0.002866,-0.001895
1771002437.418857,3.743735,0.150162,0.033486,-0.293070,-0.002603,-0.002806,-0.001898
1771002437.424471,3.749350,0.118414,-0.174425,-0.409964,-0.000922,-0.003051,-0.002004
1771002437.428813,3.753692,0.187644,-0.022900,-0.338644,-0.001972,-0.002926,-0.001323
1771002437.433807,3.758686,0.167707,-0.005658,-0.309808,-0.001935,-0.002685,-0.001224
1771002437.439238,3.764117,0.192692,-0.115906,-0.407521,-0.000776,-0.002814,-0.001459
1771002437.443786,3.768665,0.184468,-0.030735,-0.324697,-0.001721,-0.002813,-0.001612
1771002437.448759,3.773638,0.170853,-0.015789,-0.337166,-0.001963,-0.002354,-0.001587
1771002437.453724,3.778603,0.173853,0.047693,-0.289564,-0.002479,-0.002701,-0.001740
1771002437.458712,3.783591,0.190798,0.016866,-0.303284,-0.002102,-0.002420,-0.001462
1771002437.463694,3.788573,0.149912,-0.083630,-0.378737,-0.001325,-0.002793,-0.001748
1771002437.468733,3.793611,0.186203,-0.052357,-0.362261,-0.001399,-0.002528,-0.001460
1771002437.473663,3.798542,0.187954,0.104053,-0.255132,-0.002812,-0.002509,-0.001769
1771002437.478652,3.803531,0.166659,0.002914,-0.315660,-0.002138,-0.002715,-0.001550
1771002437.483615,3.808494,0.177848,-0.021772,-0.330578,-0.001735,-0.002539,-0.001643
1771002437.488593,3.813472,0.173407,-0.013975,-0.351101,-0.001954,-0.002776,-0.001550
1771002437.493575,3.818453,0.193118,0.103394,-0.262262,-0.002802,-0.002464,-0.001765
1771002437.498626,3.823505,0.171246,-0.063644,-0.334583,-0.001587,-0.002356,-0.001628
1771002437.503575,3.828454,0.156571,-0.046992,-0.358550,-0.001962,-0.002645,-0.001647
1771002437.508533,3.833411,0.231914,0.048802,-0.359771,-0.002121,-0.002138,-0.001160
1771002437.513520,3.838398,0.217766,0.112725,-0.264139,-0.003412,-0.002860,-0.002119
1771002437.518528,3.843407,0.161304,0.027057,-0.297678,-0.002355,-0.002678,-0.001883
1771002437.523479,3.848357,0.201056,0.123173,-0.225471,-0.002832,-0.002038,-0.001735
1771002437.528475,3.853354,0.167383,-0.071785,-0.351746,-0.001816,-0.003299,-0.001895
1771002437.533444,3.858322,0.158773,0.070858,-0.276289,-0.002752,-0.002812,-0.001746
1771002437.538507,3.863386,0.138334,-0.016742,-0.335908,-0.001962,-0.002257,-0.001561
1771002437.543402,3.868281,0.171502,0.019698,-0.322998,-0.002443,-0.002800,-0.001559
1771002437.548429,3.873308,0.151030,0.037725,-0.285648,-0.002382,-0.002667,-0.001707
1771002437.553364,3.878243,0.164493,-0.005235,-0.329122,-0.001607,-0.002397,-0.001960
1771002437.558338,3.883216,0.172155,-0.166365,-0.433298,-0.000926,-0.003129,-0.001930
1771002437.563350,3.888229,0.151762,-0.081849,-0.346386,-0.001216,-0.002837,-0.001572
1771002437.568421,3.893300,0.156873,-0.054811,-0.340458,-0.001704,-0.002744,-0.001922
1771002437.573299,3.898177,0.166794,0.001544,-0.328677,-0.002193,-0.002680,-0.002095
1771002437.578280,3.903159,0.126183,0.021328,-0.309268,-0.002427,-0.002645,-0.001950
1771002437.583255,3.908133,0.186102,0.057505,-0.354243,-0.002431,-0.002162,-0.001660
1771002437.588306,3.913185,0.569913,1.392246,-1.417081,0.001291,0.011021,0.011173
1771002437.593223,3.918102,0.158946,-0.019006,-0.331792,-0.001746,-0.002523,-0.002026
1771002437.598220,3.923099,0.209797,-0.002655,-0.346353,-0.002063,-0.002203,-0.001004
1771002437.603234,3.928113,0.151678,0.023840,-0.338275,-0.002340,-0.002586,-0.002033
1771002437.608167,3.933046,0.196743,-0.019997,-0.363803,-0.001630,-0.002688,-0.001639
1771002437.613151,3.938030,0.159481,0.070474,-0.339381,-0.002772,-0.003024,-0.002384
1771002437.618124,3.943003,0.198154,0.103503,-0.284884,-0.003073,-0.003195,-0.001776
1771002437.623122,3.948001,0.186840,0.101150,-0.309443,-0.002565,-0.002525,-0.001909
1771002437.628143,3.953022,0.180813,0.061199,-0.340707,-0.002642,-0.002916,-0.001791
1771002437.633084,3.957962,0.137364,-0.049002,-0.377348,-0.001513,-0.003038,-0.001940
1771002437.638106,3.962985,0.179219,0.011433,-0.356980,-0.002454,-0.002970,-0.001987
1771002437.643037,3.967916,0.215138,-0.024555,-0.354657,-0.002054,-0.002873,-0.001763
1771002437.648021,3.972900,0.185807,-0.049362,-0.351554,-0.001771,-0.002953,-0.001372
1771002437.653003,3.977882,0.142385,-0.093211,-0.367521,-0.001240,-0.002728,-0.002074
1771002437.657984,3.982862,0.162871,-0.058012,-0.399130,-0.001624,-0.002843,-0.001788
1771002437.663296,3.988175,0.198841,0.002599,-0.387888,-0.001980,-0.002470,-0.001362
1771002437.667979,3.992858,0.243783,0.236615,-0.386635,-0.002588,-0.001047,-0.000783
1771002437.672922,3.997801,0.182736,0.079858,-0.278941,-0.002879,-0.002641,-0.001750
1771002437.677906,4.002785,0.162391,-0.084242,-0.391147,-0.001630,-0.002983,-0.001711
1771002437.682892,4.007771,0.218031,0.013642,-0.327204,-0.001909,-0.002619,-0.001649
1771002437.687874,4.012753,0.171926,-0.029031,-0.321342,-0.001879,-0.002579,-0.001490
1771002437.692855,4.017734,0.139530,0.034365,-0.346538,-0.002501,-0.002968,-0.002075
1771002437.697842,4.022721,0.165669,-0.023299,-0.303626,-0.002123,-0.002829,-0.001921
1771002437.702868,4.027747,0.209437,-0.069586,-0.366089,-0.001363,-0.002628,-0.001478
1771002437.707806,4.032684,0.178749,0.078268,-0.283708,-0.002535,-0.002714,-0.001574
1771002437.712804,4.037683,0.177721,-0.022160,-0.346165,-0.001928,-0.002962,-0.001609
1771002437.717763,4.042642,0.180773,0.023656,-0.331090,-0.002082,-0.002802,-0.001881
1771002437.722767,4.047645,0.163481,-0.072485,-0.389157,-0.001620,-0.002838,-0.001692
1771002437.727733,4.052612,0.167479,-0.055031,-0.356953,-0.001587,-0.002903,-0.001590
1771002437.732722,4.057600,0.224166,0.081913,-0.338928,-0.002566,-0.002722,-0.001754
1771002437.737721,4.062599,0.178791,0.056489,-0.364905,-0.002077,-0.002276,-0.001665
1771002437.742663,4.067541,0.238382,0.095204,-0.337052,-0.002645,-0.002353,-0.001559
1771002437.747642,4.072520,0.173171,0.015025,-0.361524,-0.001924,-0.002642,-0.001970
1771002437.752641,4.077520,0.174217,0.026238,-0.325908,-0.002220,-0.002684,-0.001861
1771002437.757617,4.082496,0.221080,0.052085,-0.389576,-0.002801,-0.002503,-0.001502
1771002437.762607,4.087486,0.185454,0.036822,-0.358995,-0.002552,-0.002820,-0.002096
1771002437.767619,4.092498,0.157743,0.024143,-0.404034,-0.001917,-0.002301,-0.002026
1771002437.772597,4.097476,0.188476,0.044344,-0.355669,-0.002532,-0.002873,-0.001606
1771002437.777556,4.102435,0.190353,-0.048077,-0.360496,-0.001628,-0.002777,-0.001614
1771002437.782553,4.107432,0.175077,-0.056364,-0.379255,-0.001739,-0.003170,-0.001563
1771002437.787515,4.112393,0.189318,-0.072406,-0.391362,-0.001788,-0.003067,-0.001625
1771002437.792504,4.117383,0.189720,0.034724,-0.324804,-0.002097,-0.002246,-0.001428
1771002437.797472,4.122350,0.169342,-0.006629,-0.338065,-0.002146,-0.002442,-0.001602
1771002437.802551,4.127430,0.227208,-0.025636,-0.335145,-0.001727,-0.002659,-0.001117
1771002437.807439,4.132318,0.181175,-0.056378,-0.356678,-0.001566,-0.002912,-0.001553
1771002437.812445,4.137324,0.193581,0.086022,-0.325188,-0.002719,-0.002296,-0.001581
1771002437.817411,4.142290,0.202571,-0.046917,-0.383994,-0.001586,-0.002691,-0.001152
1771002437.822392,4.147271,0.124783,0.056542,-0.338256,-0.003144,-0.002939,-0.001479
1771002437.827384,4.152263,0.150884,-0.041087,-0.360128,-0.001341,-0.002616,-0.001495
1771002437.832392,4.157271,0.209215,0.023598,-0.323756,-0.002234,-0.002576,-0.001674
1771002437.837394,4.162272,0.193827,-0.058962,-0.354082,-0.001506,-0.002539,-0.001404
1771002437.842322,4.167201,0.176596,-0.043417,-0.376758,-0.002011,-0.002816,-0.001709
1771002437.847291,4.172170,0.173177,-0.051199,-0.370826,-0.001761,-0.002755,-0.001453
1771002437.852353,4.177232,0.171081,0.050039,-0.293934,-0.002113,-0.002248,-0.001490
1771002437.857259,4.182138,0.156669,0.021785,-0.303539,-0.002327,-0.002705,-0.001583
1771002437.862257,4.187136,0.195337,-0.054701,-0.367561,-0.001666,-0.002931,-0.001639
1771002437.867222,4.192100,0.158034,0.057300,-0.335207,-0.002562,-0.002618,-0.002071
1771002437.872314,4.197193,0.187045,-0.079667,-0.376180,-0.001421,-0.002792,-0.001489
1771002437.877186,4.202065,0.184425,-0.073822,-0.355711,-0.001481,-0.002655,-0.001551
1771002437.882204,4.207082,0.173379,-0.039938,-0.369116,-0.002201,-0.003101,-0.001901
1771002437.887174,4.212053,0.188341,0.042777,-0.341291,-0.002480,-0.002509,-0.001752
1771002437.892152,4.217030,0.156994,0.007779,-0.367869,-0.002486,-0.003007,-0.001912
1771002437.897114,4.221993,0.151843,-0.026797,-0.372313,-0.001928,-0.002863,-0.001860
1771002437.902179,4.227057,0.172144,-0.010091,-0.370255,-0.001768,-0.002497,-0.001741
1771002437.907068,4.231947,0.178219,0.010394,-0.373887,-0.001672,-0.002408,-0.001604
1771002437.912072,4.236950,0.177577,0.005070,-0.407638,-0.001866,-0.002334,-0.001786
1771002437.917045,4.241924,0.146587,-0.044600,-0.350868,-0.002209,-0.003104,-0.001801
1771002437.922036,4.246914,0.622532,0.231727,0.140836,-0.010930,0.012230,0.013857
1771002437.927100,4.251979,-1.223111,-0.449866,1.310574,0.008674,0.012198,0.007619
1771002437.932078,4.256957,-1.164918,-0.452387,1.345176,0.008371,0.012541,0.008724
1771002437.937065,4.261944,-1.214717,-0.497254,1.284510,0.008966,0.012498,0.007922
1771002437.941976,4.266855,-1.239838,-0.511952,1.271788,0.008967,0.012176,0.007864
1771002437.946933,4.271812,-1.268778,-0.456198,1.291126,0.008410,0.012517,0.007614
1771002437.952646,4.277525,-1.226697,-0.537641,1.311565,0.009314,0.011576,0.007048
1771002437.956895,4.281773,-1.226618,-0.514844,1.322051,0.009277,0.012077,0.007479
1771002437.961891,4.286769,-1.213921,-0.531773,1.314673,0.009158,0.011805,0.007758
1771002437.967247,4.292125,-1.230678,-0.546900,1.289781,0.009200,0.012813,0.008236
1771002437.971876,4.296755,-1.195664,-0.523026,1.298498,0.009110,0.012418,0.008093
1771002437.976825,4.301704,-1.202002,-0.580880,1.314634,0.010107,0.012502,0.008194
1771002437.981804,4.306683,-1.252982,-0.573563,1.310730,0.009582,0.011841,0.007878
1771002437.986784,4.311663,-1.208372,-0.444553,1.329038,0.008375,0.012418,0.007730
1771002437.991869,4.316748,-1.206676,-0.420050,1.346247,0.008261,0.013006,0.008200
1771002437.996743,4.321621,-1.215826,-0.553198,1.319583,0.009748,0.012325,0.008201
1771002438.001790,4.326669,-1.218786,-0.566072,1.329595,0.009531,0.011997,0.007809
1771002438.006727,4.331606,-1.217489,-0.472345,1.320558,0.008876,0.012460,0.007837
1771002438.011705,4.336584,-1.199044,-0.443988,1.363117,0.008176,0.012086,0.007550
1771002438.016704,4.341583,-1.222725,-0.534741,1.305427,0.009244,0.012090,0.007941
1771002438.021657,4.346536,-1.196391,-0.510245,1.322310,0.008840,0.012165,0.008028
1771002438.026642,4.351521,-1.264431,-0.578913,1.249170,0.009699,0.012043,0.007231
1771002438.031626,4.356505,-1.230093,-0.466591,1.326095,0.008194,0.012166,0.007891
1771002438.036667,4.361546,-1.223918,-0.493105,1.360959,0.008349,0.011809,0.007930
1771002438.041593,4.366472,-1.171177,-0.493570,1.336525,0.008412,0.012205,0.008170
1771002438.046578,4.371456,-1.219521,-0.601035,1.312140,0.010002,0.011263,0.007475
1771002438.051565,4.376444,-1.244807,-0.618962,1.286082,0.010074,0.011975,0.007637
1771002438.056602,4.381480,-1.250064,-0.592565,1.287482,0.009899,0.011970,0.008086
1771002438.061857,4.386736,-1.147121,-0.483288,1.296908,0.008905,0.013029,0.008003
1771002438.067383,4.392262,-1.149848,-0.459112,1.322714,0.008567,0.013662,0.008806
1771002438.072465,4.397344,-1.212187,-0.523751,1.301917,0.008797,0.012121,0.007949
1771002438.077047,4.401926,-1.218423,-0.537813,1.312082,0.009385,0.012239,0.007718
1771002438.081476,4.406355,-1.202840,-0.468437,1.296901,0.008847,0.012691,0.007735
1771002438.086438,4.411316,-1.176842,-0.467043,1.330803,0.008538,0.012881,0.008489
1771002438.091413,4.416291,-1.212291,-0.594583,1.290626,0.009672,0.011664,0.007883
1771002438.096439,4.421317,-1.231665,-0.564057,1.312719,0.009566,0.012260,0.008145
1771002438.101424,4.426303,-1.174542,-0.482924,1.357364,0.008745,0.012711,0.008471
1771002438.106350,4.431229,-1.246476,-0.490186,1.328773,0.008776,0.011877,0.007941
1771002438.111327,4.436206,-1.162226,-0.507409,1.294904,0.009204,0.013324,0.008659
1771002438.116388,4.441267,-1.178872,-0.460866,1.331872,0.008567,0.012948,0.008331
1771002438.121313,4.446192,-1.222501,-0.462887,1.350678,0.008403,0.011912,0.008114
1771002438.126289,4.451168,-1.156819,-0.466956,1.324424,0.008995,0.013211,0.008189
1771002438.131266,4.456145,-1.205113,-0.496648,1.317493,0.008873,0.012842,0.008517
1771002438.136662,4.461540,-1.240792,-0.552788,1.295919,0.009590,0.012353,0.007607
1771002438.141601,4.466480,-1.245137,-0.541136,1.273079,0.009354,0.012837,0.007557
1771002438.146188,4.471067,-1.235748,-0.503787,1.320077,0.008966,0.011997,0.007345
1771002438.151201,4.476079,-1.238754,-0.482459,1.298051,0.008687,0.012321,0.008232
1771002438.156649,4.481527,-1.192932,-0.523461,1.316513,0.009272,0.012406,0.008054
1771002438.161164,4.486042,-1.271541,-0.608342,1.267433,0.009830,0.011557,0.007134
1771002438.166169,4.491048,-1.175893,-0.516077,1.335804,0.009198,0.012400,0.008539
1771002438.171703,4.496581,-1.202587,-0.567596,1.298225,0.009488,0.012157,0.007894
1771002438.176155,4.501034,-1.182460,-0.522026,1.303572,0.009053,0.012445,0.008599
1771002438.181086,4.505965,-1.204086,-0.482486,1.288939,0.008945,0.012928,0.008055
1771002438.186064,4.510943,-1.260944,-0.479673,1.307937,0.008686,0.012199,0.007912
1771002438.191046,4.515924,-1.193489,-0.475496,1.314657,0.009030,0.013074,0.008107
1771002438.196030,4.520908,-1.202052,-0.460931,1.354525,0.008487,0.012151,0.007535
1771002438.201118,4.525997,-1.205236,-0.465052,1.356179,0.008387,0.011852,0.007583
1771002438.206061,4.530939,-1.253831,-0.460585,1.344514,0.007850,0.012020,0.007509
1771002438.210978,4.535856,-1.218971,-0.507411,1.338683,0.008909,0.012070,0.007442
1771002438.216502,4.541380,-1.250483,-0.561946,1.303659,0.009492,0.011408,0.007356
1771002438.220927,4.545806,-1.157465,-0.486452,1.318768,0.008887,0.012315,0.008372
1771002438.225931,4.550809,-0.970922,-0.790471,1.136159,0.014532,0.012321,0.011523
1771002438.231431,4.556310,-1.160072,-0.399418,1.316211,0.007473,0.012755,0.007046
1771002438.235921,4.560800,-1.163905,-0.501366,1.315379,0.009128,0.012413,0.008085
1771002438.241413,4.566292,-1.202649,-0.539961,1.288353,0.009240,0.012382,0.008205
1771002438.245904,4.570782,-1.201016,-0.584999,1.330347,0.009538,0.011641,0.007933
1771002438.250870,4.575749,-1.179631,-0.500211,1.364593,0.008785,0.012295,0.007989
1771002438.256353,4.581232,-1.213472,-0.514361,1.345229,0.008944,0.011801,0.007577
1771002438.260806,4.585684,-1.200097,-0.501903,1.321667,0.008888,0.012482,0.007872
1771002438.265802,4.590680,-1.227677,-0.474866,1.355202,0.008412,0.011748,0.007382
1771002438.271355,4.596233,-1.217269,-0.435829,1.357944,0.008372,0.012996,0.007986
1771002438.275752,4.600631,-1.214802,-0.542897,1.291673,0.009362,0.012216,0.008483
1771002438.281262,4.606141,-1.148103,-0.446613,1.354729,0.008588,0.012270,0.008043
1771002438.285717,4.610596,-1.226679,-0.491108,1.345220,0.008919,0.012474,0.007741
1771002438.290692,4.615571,-1.174260,-0.527833,1.318047,0.009305,0.012878,0.008065
1771002438.296196,4.621074,-1.218227,-0.488550,1.323944,0.008800,0.012820,0.008017
1771002438.300681,4.625560,-1.213828,-0.450288,1.383105,0.008180,0.012330,0.007941
1771002438.305641,4.630520,-1.213617,-0.539306,1.321766,0.009136,0.012276,0.008209
1771002438.311146,4.636024,-1.249650,-0.610878,1.286188,0.010090,0.011438,0.007296
1771002438.315591,4.640470,-1.192251,-0.477971,1.330369,0.008941,0.012659,0.008166
1771002438.320640,4.645519,-1.245673,-0.534402,1.294815,0.009664,0.012459,0.007774
1771002438.326105,4.650984,-1.230832,-0.522157,1.330388,0.009146,0.012098,0.008085
1771002438.330621,4.655500,-1.224892,-0.489551,1.332431,0.008665,0.012093,0.007726
1771002438.335509,4.660388,-1.219595,-0.468179,1.330541,0.008397,0.012237,0.008050
1771002438.340513,4.665391,-1.208716,-0.508796,1.334315,0.009249,0.012531,0.008033
1771002438.345547,4.670426,-1.265643,-0.556891,1.362246,0.008956,0.010348,0.007134
1771002438.351058,4.675937,-1.246675,-0.474260,1.300847,0.009005,0.012637,0.007605
1771002438.355466,4.680344,-1.222259,-0.516731,1.313754,0.009187,0.012239,0.007411
1771002438.360492,4.685371,-1.209435,-0.436868,1.321295,0.008414,0.012367,0.007783
1771002438.365931,4.690809,-1.258778,-0.545391,1.313223,0.009638,0.012464,0.007657
1771002438.370407,4.695285,-1.208231,-0.481561,1.334538,0.008603,0.011903,0.007599
1771002438.375443,4.700322,-1.244416,-0.605065,1.296883,0.009710,0.011741,0.007773
1771002438.380371,4.705249,-1.240513,-0.572339,1.307802,0.009792,0.012155,0.007817
1771002438.385390,4.710269,-1.245323,-0.523227,1.318311,0.009303,0.012425,0.007736
1771002438.390865,4.715744,-1.235140,-0.542304,1.295953,0.009218,0.012344,0.007683
1771002438.395317,4.720196,-1.201072,-0.508885,1.309225,0.009298,0.013046,0.007904
1771002438.400288,4.725167,-1.202928,-0.483989,1.337557,0.008708,0.012344,0.008011
1771002438.405836,4.730715,-1.227838,-0.493748,1.333179,0.008995,0.012471,0.007950
1771002438.410265,4.735144,-1.247282,-0.634117,1.270638,0.009835,0.012024,0.007758
1771002438.415235,4.740114,-1.206157,-0.531890,1.355188,0.008836,0.012188,0.007993
1771002438.420221,4.745100,-1.187858,-0.579397,1.288254,0.009925,0.012275,0.008206
1771002438.425209,4.750087,-1.234896,-0.528608,1.323084,0.009206,0.011950,0.007481
1771002438.430194,4.755073,-1.175781,-0.545266,1.292532,0.009496,0.012623,0.008269
1771002438.435176,4.760055,-1.232517,-0.498142,1.344734,0.008932,0.011752,0.007812
1771002438.440222,4.765101,-1.249779,-0.558297,1.295243,0.009700,0.012292,0.007767
1771002438.445681,4.770559,-1.179556,-0.435008,1.312630,0.008351,0.013405,0.008110
1771002438.450142,4.775021,-1.186790,-0.488838,1.329694,0.008855,0.012752,0.008020
1771002438.455464,4.780342,-1.194075,-0.458738,1.331997,0.008535,0.012852,0.007820
1771002438.460446,4.785324,-1.246142,-0.448320,1.339480,0.008275,0.012584,0.007168
1771002438.465417,4.790296,-1.203294,-0.514847,1.332499,0.008616,0.012011,0.008038
1771002438.470447,4.795325,0.151262,-0.301253,1.737154,0.016299,0.012772,0.013502
1771002438.475015,4.799894,-1.195205,-0.531311,1.344726,0.008787,0.011574,0.008035
1771002438.480020,4.804898,-1.217122,-0.543722,1.315011,0.009036,0.011785,0.007922
1771002438.484994,4.809873,-1.171665,-0.467708,1.353818,0.008453,0.012318,0.008119
1771002438.489972,4.814851,-1.225442,-0.516173,1.319457,0.008753,0.011395,0.007143
1771002438.494955,4.819834,-1.170366,-0.448787,1.349454,0.008261,0.011887,0.007856
1771002438.499942,4.824821,-1.231333,-0.423187,1.341991,0.008027,0.012527,0.008063
1771002438.504924,4.829802,-1.192132,-0.437299,1.354214,0.008163,0.011995,0.008196
1771002438.509901,4.834779,-1.214964,-0.501509,1.335887,0.008801,0.012249,0.007512
1771002438.514882,4.839761,-1.259716,-0.478772,1.329821,0.008535,0.012160,0.007608
1771002438.519865,4.844743,-1.205355,-0.561738,1.290544,0.009298,0.012238,0.007865
1771002438.524850,4.849729,-1.295914,-0.602043,1.271621,0.009611,0.011188,0.007089
1771002438.529828,4.854707,-1.209006,-0.534411,1.316409,0.009070,0.012402,0.008255
1771002438.534823,4.859702,-1.541895,-1.860476,0.481820,0.022439,-0.002632,-0.001309
1771002438.539801,4.864680,-1.224165,-0.475317,1.334116,0.008822,0.012559,0.007934
1771002438.544780,4.869659,-1.210564,-0.451139,1.355304,0.008145,0.012251,0.007704
1771002438.549763,4.874641,-1.166404,-0.396175,1.337850,0.007718,0.012990,0.008249
1771002438.554765,4.879643,-1.185193,-0.446809,1.363261,0.008274,0.012154,0.007921
1771002438.559725,4.884604,-1.213123,-0.459696,1.332135,0.008702,0.012360,0.008159
1771002438.564704,4.889583,-1.204492,-0.474792,1.340197,0.008479,0.011845,0.008356
1771002438.569703,4.894581,-1.213214,-0.560009,1.292788,0.009514,0.011661,0.007811
1771002438.574677,4.899556,-1.213851,-0.572036,1.272464,0.009855,0.012331,0.008226
1771002438.579650,4.904529,-1.208562,-0.439077,1.307347,0.008139,0.012786,0.008084
1771002438.584623,4.909502,-1.235778,-0.523787,1.274643,0.009331,0.012805,0.007801
1771002438.589622,4.914500,0.230559,0.049721,-0.369486,-0.003171,-0.002760,-0.002167
1771002438.594579,4.919458,0.169121,0.018479,-0.331625,-0.002485,-0.003099,-0.001563
1771002438.599594,4.924473,0.177394,-0.004562,-0.324096,-0.002430,-0.002830,-0.001980
1771002438.604981,4.929859,0.160283,-0.090627,-0.356641,-0.001670,-0.002808,-0.001686
1771002438.609591,4.934469,-1.724838,0.246521,1.082231,0.004282,-0.000476,-0.007931
1771002438.614525,4.939404,0.136634,-0.346245,1.738495,0.016365,0.012439,0.013578
1771002438.619510,4.944389,-1.193570,-0.586424,1.281022,0.009784,0.012155,0.008011
1771002438.624490,4.949369,-1.195549,-0.493986,1.321007,0.008549,0.012645,0.007998
1771002438.629467,4.954346,-1.226308,-0.480744,1.324292,0.008744,0.012228,0.007598
1771002438.634455,4.959334,-1.238261,-0.516133,1.299036,0.008795,0.011997,0.007708
1771002438.639443,4.964322,-1.249112,-0.508065,1.285327,0.008663,0.011613,0.007533
1771002438.644444,4.969323,-1.212404,-0.523460,1.303313,0.009051,0.012382,0.008626
1771002438.649950,4.974828,-1.178310,-0.497632,1.296555,0.008989,0.012699,0.008137
1771002438.654366,4.979244,-1.210225,-0.426993,1.315897,0.008454,0.013183,0.007980
1771002438.659365,4.984243,-1.192560,-0.493107,1.329178,0.008940,0.012386,0.008294
1771002438.664349,4.989228,-1.235219,-0.546366,1.258540,0.009402,0.012064,0.007458
1771002438.669329,4.994207,-1.225220,-0.563281,1.270943,0.009823,0.012288,0.007863
1771002438.674376,4.999254,-1.227337,-0.486272,1.320332,0.008750,0.012932,0.007888
1771002438.679830,5.004709,-1.253332,-0.608367,1.313493,0.009461,0.011666,0.007785
1771002438.684259,5.009138,-1.235907,-0.467487,1.324770,0.008873,0.012642,0.007703
1771002438.689259,5.014138,-1.244484,-0.490904,1.314748,0.008946,0.012482,0.007665
1771002438.694787,5.019666,-1.217401,-0.506109,1.338532,0.008755,0.012081,0.007652
1771002438.699208,5.024086,-1.201262,-0.585355,1.323546,0.009597,0.011372,0.007999
1771002438.704273,5.029152,-1.225233,-0.528820,1.306186,0.009429,0.012357,0.007732
1771002438.709722,5.034601,-1.203216,-0.551074,1.330796,0.009339,0.012118,0.007889
1771002438.714186,5.039065,-1.185532,-0.485866,1.306751,0.008481,0.012358,0.007803
1771002438.719138,5.044017,-1.210068,-0.550967,1.311075,0.009307,0.012047,0.007961
1771002438.724702,5.049581,-1.212842,-0.566142,1.306157,0.009510,0.011893,0.007426
1771002438.729156,5.054034,-1.246227,-0.514184,1.302956,0.008888,0.011670,0.007405
1771002438.734667,5.059546,-1.224987,-0.536401,1.321783,0.009515,0.012134,0.007896
1771002438.739078,5.063957,-1.226314,-0.527004,1.296336,0.009304,0.012431,0.007975
1771002438.744060,5.068938,-1.199521,-0.514587,1.297820,0.008958,0.011944,0.008046
1771002438.749568,5.074447,-1.265575,-0.512017,1.306972,0.008763,0.012195,0.007688
1771002438.754034,5.078912,-1.220884,-0.501190,1.320315,0.008800,0.011860,0.007349
1771002438.759008,5.083887,-1.194151,-0.601813,1.296966,0.009953,0.012027,0.008223
1771002438.764501,5.089380,-1.245802,-0.606806,1.317872,0.009775,0.011466,0.007492
1771002438.768996,5.093874,-1.247007,-0.610861,1.276508,0.010290,0.012150,0.007748
1771002438.773939,5.098818,-1.219034,-0.511981,1.366172,0.008749,0.011505,0.007580
1771002438.779233,5.104112,-1.224418,-0.441702,1.376929,0.008236,0.012208,0.007651
1771002438.783924,5.108803,-1.224305,-0.535046,1.329622,0.009326,0.011943,0.007897
1771002438.788921,5.113800,-1.249688,-0.510702,1.319474,0.008820,0.012087,0.007551
1771002438.793880,5.118759,-1.227961,-0.492823,1.329516,0.008913,0.012223,0.007461
1771002438.798874,5.123753,-1.212030,-0.540800,1.314424,0.009281,0.012389,0.008202
1771002438.803846,5.128725,-1.191226,-0.594343,1.292630,0.009684,0.012256,0.008337
1771002438.808826,5.133705,-1.238898,-0.581471,1.279802,0.009913,0.011418,0.007915
1771002438.813803,5.138682,-1.192608,-0.554228,1.329253,0.009720,0.011971,0.008133
1771002438.818788,5.143667,-1.196378,-0.416063,1.374610,0.007974,0.012876,0.007697
1771002438.823772,5.148651,-1.232966,-0.546871,1.320674,0.009469,0.012196,0.008104
1771002438.828754,5.153633,-1.208679,-0.564135,1.318750,0.009727,0.011862,0.007775
1771002438.833734,5.158613,-1.183026,-0.513936,1.376915,0.008920,0.012327,0.008365
1771002438.838717,5.163595,-1.200917,-0.464383,1.344175,0.008439,0.012728,0.008314
1771002438.843714,5.168592,0.119427,-0.688761,-0.068771,0.011613,-0.001087,0.000413
1771002438.848678,5.173557,0.146080,-0.035713,-0.297545,-0.001777,-0.002584,-0.001409
1771002438.853672,5.178551,0.230318,-0.048006,-0.397002,-0.001826,-0.002767,-0.001608
1771002438.858647,5.183526,0.199753,-0.068824,-0.333920,-0.001960,-0.002364,-0.001502
1771002438.863626,5.188505,0.169830,-0.036494,-0.371702,-0.002118,-0.002703,-0.001835
1771002438.868634,5.193513,0.183854,-0.005589,-0.315803,-0.002119,-0.002661,-0.001314
1771002438.873650,5.198529,0.107792,-0.075646,-0.345417,-0.001791,-0.002877,-0.001998
1771002438.879141,5.204020,0.213221,0.064336,-0.281656,-0.002180,-0.002124,-0.001322
1771002438.883561,5.208440,-0.281652,0.603867,0.093538,-0.011202,-0.003519,-0.006662
1771002438.889084,5.213962,-1.235882,-0.513731,1.311229,0.009128,0.012264,0.007778
1771002438.893528,5.218407,-1.260212,-0.626921,1.261096,0.010129,0.011786,0.007603
1771002438.898527,5.223405,-1.268241,-0.632592,1.239917,0.010348,0.011824,0.007784
1771002438.903478,5.228357,-1.258828,-0.524953,1.343432,0.008746,0.011521,0.007674
1771002438.908527,5.233406,-1.179020,-0.643228,1.279702,0.010571,0.012335,0.008127
1771002438.914005,5.238883,-1.210896,-0.516077,1.294883,0.009085,0.012415,0.008050
1771002438.918431,5.243310,-1.147011,-0.478281,1.350939,0.008489,0.012691,0.008368
1771002438.923437,5.248316,-1.224476,-0.519463,1.315619,0.009199,0.012299,0.007770
1771002438.928451,5.253330,-1.222322,-0.547728,1.280482,0.009309,0.012044,0.008009
1771002438.933379,5.258258,-1.198860,-0.480511,1.322233,0.008581,0.012228,0.008072
1771002438.938348,5.263227,-1.228886,-0.610633,1.259769,0.009712,0.011801,0.007411
1771002438.943899,5.268778,-1.230189,-0.468315,1.340585,0.008221,0.012026,0.007367
1771002438.948361,5.273239,-1.224462,-0.589194,1.270934,0.009644,0.012039,0.007817
1771002438.953305,5.278184,-1.195757,-0.435903,1.360033,0.008036,0.012492,0.007905
1771002438.958287,5.283166,-1.207609,-0.581874,1.318103,0.009884,0.011835,0.007648
1771002438.963268,5.288147,-1.236910,-0.598064,1.286289,0.009900,0.011537,0.007669
1771002438.968242,5.293121,-1.225715,-0.534474,1.311427,0.009304,0.012428,0.007958
1771002438.973287,5.298166,-1.254663,-0.534130,1.288141,0.009037,0.011745,0.007579
1771002438.978785,5.303663,-1.264041,-0.519828,1.280894,0.009095,0.011935,0.007510
1771002438.983200,5.308079,-1.237021,-0.558215,1.258597,0.009656,0.012160,0.007406
1771002438.988231,5.313110,-1.226994,-0.465497,1.311515,0.008798,0.012742,0.007463
1771002438.993728,5.318607,-1.206263,-0.527973,1.337024,0.009141,0.012238,0.008311
1771002438.998619,5.323498,-1.202247,-0.515107,1.304549,0.009124,0.012590,0.007970
1771002439.004410,5.329288,-1.183002,-0.532467,1.343841,0.009406,0.012530,0.008203
1771002439.008459,5.333338,-1.209904,-0.577373,1.274467,0.010329,0.013000,0.008311
1771002439.013567,5.338446,-1.195970,-0.483367,1.325755,0.008748,0.012119,0.007941
1771002439.018654,5.343533,-1.184523,-0.450087,1.354653,0.008546,0.012471,0.008566
1771002439.023065,5.347944,-1.216767,-0.528978,1.312116,0.008858,0.012123,0.007419
1771002439.028044,5.352923,-1.234846,-0.570174,1.272254,0.009482,0.012039,0.007833
1771002439.033064,5.357943,-1.173067,-0.482350,1.315207,0.009324,0.013124,0.007964
1771002439.038643,5.363521,-1.187173,-0.502979,1.294067,0.009062,0.012740,0.008034
1771002439.042995,5.367874,-1.262760,-0.519193,1.315639,0.009000,0.011729,0.007259
1771002439.047961,5.372840,-1.226869,-0.557895,1.302117,0.009457,0.011564,0.007697
1771002439.052945,5.377824,-1.224444,-0.515384,1.316142,0.008788,0.012259,0.008096
1771002439.057934,5.382813,-1.185301,-0.460848,1.337545,0.008676,0.012485,0.007993
1771002439.062903,5.387782,-1.247134,-0.619959,1.290817,0.010059,0.011568,0.008053
1771002439.067891,5.392770,-1.180087,-0.568735,1.311103,0.009594,0.012133,0.008203
1771002439.072860,5.397739,-1.234344,-0.532581,1.362315,0.009309,0.012066,0.008223
1771002439.077854,5.402733,-1.208607,-0.490166,1.320830,0.008904,0.012484,0.008085
1771002439.082834,5.407713,-1.206981,-0.384330,1.367005,0.007837,0.012838,0.007870
1771002439.088369,5.413247,-1.227534,-0.536310,1.289454,0.009183,0.012224,0.007870
1771002439.092805,5.417684,-1.258761,-0.542267,1.289307,0.009272,0.011579,0.007469
1771002439.097805,5.422684,-1.211201,-0.480343,1.311290,0.008935,0.012809,0.008134
1771002439.103358,5.428236,-1.227223,-0.482068,1.307675,0.008869,0.013148,0.008182
1771002439.107789,5.432667,-1.200616,-0.523351,1.304569,0.009149,0.012603,0.007898
1771002439.113259,5.438138,0.131874,-0.374104,1.685779,0.016960,0.012874,0.013714
1771002439.117717,5.442596,-1.197245,-0.442604,1.335459,0.008345,0.012811,0.007809
1771002439.122743,5.447622,-1.203602,-0.521789,1.320337,0.009108,0.012434,0.008476
1771002439.128201,5.453079,-1.188693,-0.460344,1.349164,0.008353,0.012298,0.007797
1771002439.132665,5.457543,-1.203362,-0.499187,1.324097,0.008976,0.012047,0.007921
1771002439.137638,5.462517,-1.224519,-0.524499,1.321643,0.008637,0.011150,0.008060
1771002439.143167,5.468046,-1.183554,-0.457199,1.337878,0.008540,0.012708,0.008156
1771002439.147604,5.472483,-1.062104,-0.167302,0.703637,-0.003712,0.011245,0.007208
1771002439.152618,5.477496,-1.253192,0.142290,1.588198,0.001850,0.009685,0.005287
1771002439.158121,5.483000,0.129250,-0.354098,1.748579,0.016118,0.011652,0.013035
1771002439.162539,5.487418,-1.187557,-0.483988,1.316673,0.008524,0.012927,0.007857
1771002439.167522,5.492400,-1.217688,-0.409278,1.380450,0.007488,0.011926,0.007618
1771002439.172523,5.497402,-1.240037,-0.570512,1.343417,0.009440,0.011067,0.008081
1771002439.177542,5.502421,-1.220324,-0.589043,1.318909,0.009459,0.011223,0.007864
1771002439.183039,5.507918,0.136583,-0.317458,1.742380,0.016297,0.012830,0.013934
1771002439.187458,5.512336,-1.265668,-0.499674,1.352798,0.008229,0.011475,0.007894
1771002439.192475,5.517354,-1.189429,-0.661516,1.278427,0.010236,0.011945,0.008330
1771002439.198624,5.523502,-1.255408,-0.618520,1.275527,0.009882,0.011880,0.007392
1771002439.202577,5.527456,-1.174088,-0.408549,1.373390,0.007759,0.012336,0.007983
1771002439.207395,5.532273,-1.261828,-0.609771,1.286238,0.009625,0.011603,0.008010
1771002439.212417,5.537296,-1.187940,-0.510703,1.301467,0.009072,0.012765,0.008567
1771002439.217341,5.542220,-1.164714,-0.364359,1.377142,0.006941,0.012721,0.008701
1771002439.222339,5.547218,-1.139732,-0.508006,1.315629,0.009201,0.012668,0.008673
1771002439.227316,5.552195,-1.227175,-0.531332,1.301210,0.009040,0.011975,0.007471
1771002439.232363,5.557242,-1.190698,-0.486787,1.318535,0.008279,0.012667,0.008346
1771002439.237382,5.562261,-1.200004,-0.423094,1.356920,0.008073,0.013161,0.008250
1771002439.242269,5.567148,-1.220611,-0.505089,1.319218,0.008555,0.012278,0.007986
1771002439.247249,5.572128,-1.244533,-0.584799,1.305861,0.009555,0.011698,0.008034
1771002439.252220,5.577099,-1.197186,-0.492482,1.337358,0.008692,0.012891,0.008211
1771002439.257214,5.582092,0.159773,-0.249651,1.771737,0.015769,0.012678,0.013845
1771002439.262208,5.587086,-1.231499,-0.477893,1.379971,0.008161,0.011782,0.007876
1771002439.267165,5.592043,-1.242803,-0.539900,1.293589,0.009281,0.012237,0.007980
1771002439.272170,5.597048,-1.210129,-0.441231,1.331059,0.008192,0.012454,0.007345
1771002439.277138,5.602016,-1.255801,-0.545134,1.315191,0.008908,0.011379,0.007306
1771002439.282105,5.606984,-1.249485,-0.553619,1.312876,0.009420,0.012198,0.007454
1771002439.287104,5.611983,-1.201755,-0.477215,1.285769,0.008672,0.012743,0.008293
1771002439.292150,5.617029,-1.209052,-0.495434,1.322974,0.008751,0.012133,0.008364
1771002439.297076,5.621955,-1.213986,-0.568243,1.318987,0.009257,0.011677,0.007724
1771002439.302505,5.627383,-1.216495,-0.498435,1.334484,0.008922,0.013160,0.008337
1771002439.307397,5.632275,-1.229552,-0.509113,1.332076,0.009058,0.012171,0.007784
1771002439.312411,5.637289,-1.222467,-0.476400,1.350131,0.008254,0.012019,0.008404
1771002439.317367,5.642246,-1.192706,-0.540255,1.341529,0.009015,0.012493,0.008371
1771002439.322361,5.647240,-1.239916,-0.646007,1.289816,0.010420,0.011822,0.007798
1771002439.326954,5.651833,-1.170742,-0.528098,1.313578,0.009364,0.012974,0.008231
1771002439.331925,5.656804,-1.217706,-0.525414,1.299165,0.008996,0.012152,0.007822
1771002439.336989,5.661867,-1.219281,-0.584403,1.304557,0.009924,0.011825,0.007357
1771002439.341897,5.666776,-1.261946,-0.525185,1.304871,0.009050,0.012061,0.007383
1771002439.346894,5.671772,-1.183841,-0.444057,1.342761,0.008219,0.012250,0.008414
1771002439.351923,5.676802,-1.184669,-0.569244,1.318796,0.009718,0.012554,0.008577
1771002439.356841,5.681719,-1.182115,-0.611019,1.296936,0.009775,0.012163,0.008124
1771002439.361827,5.686705,-1.235268,-0.455595,1.348388,0.008250,0.012402,0.007847
1771002439.366824,5.691703,-1.189685,-0.496413,1.319632,0.008559,0.012384,0.008281
1771002439.371790,5.696669,-1.204110,-0.442121,1.370166,0.008008,0.012612,0.007548
1771002439.376762,5.701641,-1.261214,-0.538193,1.277304,0.009127,0.011986,0.007870
1771002439.381740,5.706619,-1.259448,-0.496696,1.308557,0.009032,0.012794,0.007993
1771002439.386733,5.711611,-1.184879,-0.443459,1.337892,0.008212,0.012875,0.008256
1771002439.391712,5.716591,-1.223361,-0.478880,1.278301,0.008811,0.013642,0.007852
1771002439.396689,5.721568,-1.157583,-0.478230,1.317710,0.009209,0.012684,0.008109
1771002439.401714,5.726593,-1.259101,-0.613941,1.273882,0.009924,0.011064,0.008144
1771002439.406663,5.731541,-1.247083,-0.611790,1.282492,0.010061,0.012071,0.007415
1771002439.411645,5.736524,-1.219978,-0.489671,1.332349,0.008582,0.012023,0.007818
1771002439.416642,5.741521,-1.254817,-0.505693,1.322402,0.008617,0.012176,0.007934
1771002439.421958,5.746836,-1.227086,-0.407978,1.351752,0.008265,0.012579,0.007682
1771002439.426602,5.751481,-1.213768,-0.430497,1.358793,0.007788,0.012280,0.007624
1771002439.431571,5.756449,-1.209748,-0.529111,1.297411,0.009141,0.011952,0.007454
1771002439.436568,5.761447,-1.220466,-0.500930,1.314826,0.009270,0.012218,0.008114
1771002439.441540,5.766418,-1.227033,-0.580868,1.277372,0.009483,0.012022,0.008208
1771002439.446530,5.771409,-1.184130,-0.418725,1.324547,0.008451,0.013174,0.007907
1771002439.451512,5.776391,-1.237072,-0.536422,1.292940,0.009147,0.011613,0.007291
1771002439.456491,5.781369,0.982411,0.182822,0.261577,-0.004424,0.014365,0.012182
1771002439.461473,5.786352,-1.209201,-0.544534,1.314984,0.009611,0.012218,0.007979
1771002439.466486,5.791365,-1.226897,-0.561752,1.298273,0.009594,0.012086,0.007939
1771002439.471477,5.796355,-1.220285,-0.542009,1.341808,0.008770,0.011380,0.008044
1771002439.476451,5.801330,-1.235246,-0.495320,1.324040,0.008724,0.012109,0.007867
1771002439.481392,5.806271,-1.204539,-0.548825,1.309891,0.009418,0.012555,0.008444
1771002439.486360,5.811239,-1.205429,-0.424780,1.339524,0.008382,0.012616,0.008371
1771002439.491380,5.816259,-1.221299,-0.598685,1.277467,0.009991,0.012006,0.008010
1771002439.496392,5.821271,-1.222094,-0.573251,1.272672,0.009745,0.012529,0.007933
1771002439.501386,5.826265,-1.215407,-0.501916,1.298371,0.009021,0.012834,0.007747
1771002439.506300,5.831178,-1.236894,-0.554266,1.308202,0.009975,0.012215,0.007758
1771002439.511296,5.836174,-1.152961,-0.482317,1.316792,0.008951,0.012842,0.008168
1771002439.516393,5.841271,-1.252766,-0.539643,1.306380,0.009156,0.011566,0.007028
1771002439.521246,5.846125,-1.194266,-0.574621,1.286871,0.010056,0.012636,0.008414
1771002439.526245,5.851124,-1.223729,-0.518234,1.323956,0.008524,0.011796,0.007743
1771002439.531289,5.856167,-1.201848,-0.525120,1.300538,0.009119,0.012421,0.008067
1771002439.536220,5.861098,-1.189168,-0.538410,1.259207,0.009409,0.012190,0.007801
1771002439.541180,5.866059,-1.218988,-0.526056,1.292401,0.009319,0.012424,0.007292
1771002439.546168,5.871047,-1.227450,-0.528444,1.299562,0.009175,0.011925,0.007546
1771002439.551130,5.876009,-1.213683,-0.588945,1.295537,0.009582,0.011579,0.007548
1771002439.556133,5.881012,-1.256177,-0.569037,1.307750,0.009550,0.011653,0.007923
1771002439.561099,5.885977,-1.248707,-0.531095,1.298720,0.009359,0.012223,0.007626
1771002439.566082,5.890960,0.081639,-0.358207,1.700211,0.016942,0.012293,0.013287
1771002439.571210,5.896089,-1.233585,-0.606127,1.264054,0.010399,0.012740,0.008016
1771002439.576047,5.900926,-1.270054,-0.575284,1.291274,0.009766,0.011532,0.007418
1771002439.581123,5.906002,-1.210353,-0.585653,1.285547,0.009700,0.012020,0.008109
1771002439.586020,5.910899,-1.206637,-0.543397,1.302831,0.009488,0.012542,0.008189
1771002439.590987,5.915865,-1.276451,-0.533264,1.289082,0.009228,0.012416,0.007699
1771002439.596027,5.920906,0.133832,0.023300,-0.339965,-0.002258,-0.002622,-0.001742
1771002439.600997,5.925876,0.199785,0.015023,-0.314504,-0.002157,-0.002890,-0.001329
1771002439.605939,5.930818,0.183367,0.005564,-0.322121,-0.002204,-0.002553,-0.001382
1771002439.610914,5.935793,0.135342,0.010740,-0.277564,-0.002126,-0.002615,-0.001571
1771002439.616884,5.941762,-1.398542,0.775347,0.914724,-0.009268,0.006039,0.003074
1771002439.620892,5.945770,-1.249723,-0.511314,1.274043,0.008941,0.012618,0.007569
1771002439.625859,5.950737,-1.231642,-0.469674,1.312374,0.008556,0.012407,0.007621
1771002439.630876,5.955754,-1.240794,-0.545573,1.321999,0.009443,0.011956,0.007488
1771002439.635821,5.960700,-1.252029,-0.504602,1.304874,0.008980,0.011820,0.007109
1771002439.640823,5.965702,-1.241005,-0.463469,1.298127,0.008699,0.012727,0.007631
1771002439.645874,5.970753,-1.189858,-0.550938,1.334698,0.009328,0.012530,0.008150
1771002439.650783,5.975662,0.114640,-0.377211,1.714775,0.016625,0.011699,0.013071
1771002439.655766,5.980645,-1.235798,-0.484825,1.327020,0.008623,0.012638,0.008193
1771002439.660747,5.985626,0.133296,-0.367576,1.678584,0.017279,0.013038,0.013378
1771002439.665729,5.990607,-1.270622,-0.584168,1.245893,0.009628,0.012188,0.007672
1771002439.670754,5.995633,-1.236008,-0.605140,1.249470,0.009961,0.011703,0.007712
1771002439.675697,6.000575,-1.175958,-0.516696,1.319800,0.009113,0.012232,0.008462
1771002439.680671,6.005550,-1.119829,-0.507063,1.331779,0.009357,0.012742,0.009433
1771002439.685659,6.010537,-0.937815,-0.312890,1.414743,0.007604,0.014548,0.008881
1771002439.690622,6.015501,-1.067245,-0.503334,1.319870,0.009146,0.012830,0.008622
1771002439.695603,6.020481,-1.201106,-0.510582,1.322538,0.008943,0.011622,0.007512
1771002439.700658,6.025537,-1.115022,-0.389720,1.360391,0.007507,0.012233,0.008606
1771002439.705571,6.030450,-1.190463,-0.489922,1.332461,0.009071,0.012186,0.007880
1771002439.710550,6.035428,-1.166638,-0.369315,1.433625,0.007430,0.012447,0.008378
1771002439.715549,6.040428,-1.195026,-0.549699,1.285417,0.009521,0.011978,0.008274
1771002439.720536,6.045414,-1.153995,-0.469515,1.353675,0.008306,0.012003,0.008363
1771002439.725503,6.050381,-1.144484,-0.354170,1.374254,0.007416,0.013145,0.008405
1771002439.730498,6.055376,-1.183371,-0.460289,1.342170,0.008429,0.011713,0.008094
1771002439.735493,6.060372,-1.136397,-0.462793,1.358753,0.008427,0.012451,0.008258
1771002439.740472,6.065350,-1.200295,-0.466298,1.343056,0.008490,0.012068,0.007793
1771002439.745426,6.070305,-1.231026,-0.532345,1.310264,0.009302,0.011898,0.007607
1771002439.750412,6.075290,-1.162767,-0.496872,1.284371,0.009432,0.012919,0.008481
1771002439.755392,6.080271,-1.264257,-0.525552,1.271972,0.009319,0.012330,0.008135
1771002439.760395,6.085273,-1.219266,-0.622744,1.257794,0.010155,0.012201,0.008348
1771002439.765361,6.090239,-0.067805,0.125833,-0.352437,-0.004255,-0.002785,-0.004208
1771002439.770372,6.095251,0.119239,-0.029428,-0.319108,-0.001684,-0.002834,-0.001643
1771002439.775319,6.100197,0.129505,-0.062743,-0.337777,-0.001405,-0.002533,-0.001547
1771002439.780361,6.105240,0.150042,-0.094341,-0.376797,-0.000762,-0.002912,-0.001282
1771002439.785282,6.110161,0.140455,-0.118212,-0.416743,-0.001089,-0.003056,-0.001571
1771002439.790261,6.115139,0.141214,0.002857,-0.314950,-0.002135,-0.002934,-0.001752
1771002439.795257,6.120135,0.176226,-0.117005,-0.408163,-0.001047,-0.003060,-0.001568
1771002439.800318,6.125197,0.133512,-0.090307,-0.382013,-0.001334,-0.003038,-0.001754
1771002439.805211,6.130090,0.339047,-0.162978,0.540123,0.006915,0.005067,-0.002631
1771002439.810199,6.135077,-1.237455,-0.485619,1.292526,0.008870,0.012217,0.007989
1771002439.815166,6.140045,-1.266913,-0.537027,1.289040,0.009083,0.011809,0.007344
1771002439.820170,6.145048,-1.204278,-0.526757,1.326095,0.009335,0.012085,0.008017
1771002439.825133,6.150012,-1.187695,-0.480980,1.326533,0.008707,0.012718,0.008032
1771002439.830125,6.155003,-1.201832,-0.495961,1.318906,0.008871,0.011880,0.007849
1771002439.835140,6.160019,-1.194846,-0.448635,1.316382,0.008400,0.012710,0.007835
1771002439.840083,6.164961,-1.082132,0.185475,0.228678,-0.002886,-0.001905,-0.007523
1771002439.845063,6.169942,0.189519,-0.047189,-0.349152,-0.001548,-0.002103,-0.001433
1771002439.850043,6.174922,0.192316,0.038121,-0.302990,-0.002340,-0.002602,-0.001785
1771002439.855039,6.179917,0.228669,-0.047873,-0.373953,-0.002297,-0.002807,-0.001792
1771002439.860013,6.184892,0.227881,-0.077571,-0.337883,-0.001787,-0.002835,-0.001451
1771002439.864989,6.189867,0.247855,0.104347,-0.187371,-0.003773,-0.002249,-0.001166
1771002439.870005,6.194883,-1.146911,-0.460688,1.313371,0.008292,0.012824,0.008201
1771002439.874966,6.199844,-1.214198,-0.537383,1.295770,0.009086,0.011689,0.007355
1771002439.879951,6.204830,-1.157664,-0.425399,1.337216,0.008077,0.012991,0.007832
1771002439.884927,6.209805,-1.174240,-0.525973,1.293068,0.009504,0.012707,0.008414
1771002439.889900,6.214779,-1.202503,-0.529528,1.304137,0.008956,0.012562,0.008158
1771002439.894887,6.219766,-1.213375,-0.456547,1.350427,0.008116,0.012173,0.007789
1771002439.899972,6.224850,-1.202906,-0.565831,1.291545,0.009957,0.012004,0.008141
1771002439.904842,6.229721,-1.240713,-0.586631,1.245866,0.009901,0.012369,0.007768
1771002439.909839,6.234718,-1.220650,-0.506831,1.304521,0.008784,0.012006,0.007831
1771002439.914814,6.239692,-1.225189,-0.544878,1.288309,0.009283,0.011502,0.007144
1771002439.919794,6.244673,-1.243320,-0.598020,1.278091,0.009746,0.011884,0.007868
1771002439.924770,6.249649,-1.211051,-0.527855,1.285375,0.009117,0.012356,0.008302
1771002439.929750,6.254629,-1.222559,-0.596980,1.301267,0.009586,0.011587,0.008277
1771002439.934775,6.259654,-1.250631,-0.595203,1.248766,0.009812,0.011626,0.007499
1771002439.939731,6.264610,-1.262629,-0.546183,1.290829,0.009571,0.012213,0.007533
1771002439.944726,6.269604,-1.215121,-0.553485,1.262077,0.009297,0.012354,0.008011
1771002439.949683,6.274562,-1.229060,-0.544600,1.291263,0.009500,0.012471,0.008078
1771002439.954655,6.279534,-1.254976,-0.558987,1.251286,0.009963,0.012280,0.007391
1771002439.959649,6.284528,-1.208689,-0.467455,1.306593,0.008624,0.012261,0.007711
1771002439.964630,6.289509,-1.204972,-0.523361,1.287370,0.009368,0.012106,0.008261
1771002439.969685,6.294564,-1.200300,-0.435237,1.307083,0.008464,0.013418,0.007867
1771002439.974602,6.299480,-1.208797,-0.552732,1.323755,0.009395,0.011313,0.008037
1771002439.979578,6.304456,-1.216658,-0.480053,1.333117,0.008806,0.012266,0.007719
1771002439.984652,6.309531,-1.167176,-0.383592,1.380585,0.007557,0.012503,0.007784
1771002439.989548,6.314426,-1.147522,-0.399088,1.356830,0.007888,0.013082,0.008314
1771002439.994532,6.319411,-1.163765,-0.499163,1.299020,0.009023,0.012935,0.007990
1771002439.999612,6.324490,-1.216927,-0.519145,1.303346,0.009114,0.012275,0.007653
1771002440.004495,6.329374,-1.164087,-0.361511,1.378918,0.007739,0.013144,0.008228
1771002440.009467,6.334346,-1.193200,-0.571626,1.278368,0.009917,0.011634,0.007597
1771002440.014450,6.339329,-1.206072,-0.461136,1.334381,0.008419,0.012168,0.007245
1771002440.019442,6.344321,-1.143743,-0.415322,1.339334,0.008170,0.012568,0.008273
1771002440.024446,6.349324,-1.185482,-0.481551,1.311385,0.008754,0.011999,0.008081
1771002440.029417,6.354295,-1.237248,-0.468340,1.301846,0.008475,0.012286,0.007439
1771002440.034500,6.359379,-1.203767,-0.551898,1.281236,0.009168,0.011774,0.008066
1771002440.039357,6.364236,-1.222644,-0.448880,1.303934,0.008278,0.012748,0.008027
1771002440.044352,6.369230,-1.179484,-0.503307,1.299449,0.008796,0.012573,0.008321
1771002440.049764,6.374643,0.092711,-0.341514,1.713245,0.016763,0.011814,0.013033
1771002440.054803,6.379681,-1.192356,-0.490148,1.310819,0.008603,0.012031,0.008140
1771002440.059286,6.384165,-1.265537,-0.562481,1.278760,0.009017,0.011728,0.007215
1771002440.064338,6.389216,-1.237011,-0.597589,1.281358,0.009416,0.011412,0.007254
1771002440.069269,6.394148,-1.868373,-1.199035,0.892825,0.014303,-0.000325,-0.006672
1771002440.074230,6.399109,-1.294745,-0.501792,1.247396,0.008222,0.012060,0.008091
1771002440.079201,6.404079,-1.251598,-0.539489,1.296600,0.008796,0.011873,0.007947
1771002440.084191,6.409069,-1.200151,-0.520520,1.305229,0.008685,0.012102,0.007646
1771002440.089187,6.414066,-1.252569,-0.496915,1.288357,0.008794,0.011943,0.007236
1771002440.094145,6.419024,-1.269629,-0.615036,1.266353,0.009887,0.011759,0.008502
1771002440.099175,6.424053,-1.204545,-0.468900,1.328119,0.008474,0.012663,0.008231
1771002440.104128,6.429006,-1.236910,-0.525784,1.311038,0.009327,0.012735,0.008122
1771002440.109109,6.433988,0.147828,-0.347190,1.711418,0.016790,0.013260,0.013977
1771002440.114093,6.438972,-1.248904,-0.477827,1.323734,0.008453,0.012692,0.008145
1771002440.119064,6.443943,-1.239650,-0.550831,1.280324,0.009582,0.011784,0.007576
1771002440.124078,6.448957,-1.201689,-0.445081,1.322985,0.008202,0.012464,0.008236
1771002440.129039,6.453918,-1.187386,-0.492156,1.289687,0.008744,0.012218,0.007245
1771002440.134142,6.459021,-1.218300,-0.507562,1.280181,0.008811,0.012022,0.007470
1771002440.138997,6.463876,-1.195308,-0.493236,1.301495,0.008966,0.012679,0.007930
1771002440.143970,6.468848,-1.250043,-0.476459,1.306426,0.007846,0.011183,0.007048
1771002440.148966,6.473845,-1.186913,-0.440618,1.326167,0.008503,0.012887,0.007621
1771002440.153947,6.478826,-1.216887,-0.518207,1.312161,0.008615,0.012396,0.007800
1771002440.158928,6.483806,-1.146576,-0.479622,1.325237,0.008439,0.012967,0.008795
1771002440.163912,6.488791,-1.184795,-0.526442,1.301746,0.009410,0.012325,0.008684
1771002440.168990,6.493868,-1.238143,-0.561518,1.300648,0.009202,0.011591,0.007392
1771002440.173979,6.498857,-1.262852,-0.525295,1.279645,0.008972,0.012124,0.007462
1771002440.178860,6.503739,-1.211199,-0.470793,1.330602,0.008256,0.012593,0.008234
1771002440.183827,6.508706,-1.189209,-0.491225,1.355336,0.008596,0.011754,0.007858
1771002440.188839,6.513718,-1.201868,-0.490299,1.326299,0.008356,0.012391,0.008065
1771002440.193803,6.518682,-1.232433,-0.499227,1.325406,0.008693,0.012788,0.007988
1771002440.198781,6.523660,-1.212967,-0.540937,1.320116,0.009129,0.012137,0.007951
1771002440.203768,6.528647,-1.223116,-0.440117,1.330407,0.008236,0.012398,0.007609
1771002440.208751,6.533630,-1.209965,-0.585915,1.273567,0.009766,0.011850,0.007470
1771002440.213738,6.538617,-1.209859,-0.516534,1.284115,0.009120,0.012708,0.007662
1771002440.218710,6.543589,-1.240153,-0.367132,1.346473,0.007529,0.013738,0.008233
1771002440.223703,6.548581,-1.147112,-0.440875,1.292106,0.008577,0.013897,0.009120
1771002440.228702,6.553580,-1.264596,-0.618526,1.248584,0.009761,0.011545,0.007572
1771002440.233775,6.558654,-1.298988,-0.671438,1.253409,0.010350,0.011414,0.007391
1771002440.238711,6.563590,-1.202217,-0.474308,1.287202,0.008938,0.013224,0.008013
1771002440.243622,6.568501,-1.241602,-0.475020,1.339815,0.008118,0.012017,0.007928
1771002440.248601,6.573480,-1.190097,-0.485464,1.279246,0.008359,0.012591,0.008626
1771002440.253582,6.578461,-1.227624,-0.447683,1.300139,0.008270,0.012054,0.007997
1771002440.258584,6.583463,-1.204085,-0.449796,1.341683,0.007965,0.012442,0.007817
1771002440.263548,6.588427,-1.228296,-0.486703,1.311511,0.008403,0.011900,0.007861
1771002440.268605,6.593484,-1.203573,-0.558974,1.283285,0.009669,0.012084,0.008159
1771002440.273507,6.598385,-1.218825,-0.483566,1.308873,0.008980,0.012334,0.007265
1771002440.278509,6.603387,-1.206647,-0.492597,1.314037,0.008571,0.012587,0.008115
1771002440.283485,6.608364,-1.176892,-0.479522,1.349019,0.008489,0.012358,0.008132
1771002440.288518,6.613397,-1.241870,-0.565959,1.290168,0.009280,0.011839,0.007590
1771002440.293435,6.618314,-1.213633,-0.522907,1.298958,0.009247,0.012123,0.007756
1771002440.298418,6.623297,-1.162589,-0.418857,1.325237,0.008359,0.013336,0.008106
1771002440.303479,6.628357,-1.183634,-0.543191,1.282691,0.009459,0.012518,0.007894
1771002440.308441,6.633319,-1.232524,-0.545419,1.301337,0.009081,0.011789,0.007660
1771002440.313369,6.638247,-1.218223,-0.560658,1.331125,0.009818,0.012566,0.008235
1771002440.318351,6.643230,-1.187914,-0.484158,1.332273,0.008578,0.012069,0.008107
1771002440.323333,6.648212,-1.178881,-0.491279,1.348686,0.008652,0.012231,0.008306
1771002440.328362,6.653240,-1.274157,-0.550790,1.320030,0.008861,0.011577,0.007871
1771002440.333337,6.658215,-1.210675,-0.491890,1.325765,0.008422,0.012162,0.007940
1771002440.338385,6.663264,-1.184526,-0.496508,1.301494,0.008910,0.012858,0.008041
1771002440.343302,6.668181,-1.211934,-0.628039,1.264645,0.010074,0.012045,0.008047
1771002440.348302,6.673180,-1.205098,-0.553812,1.299890,0.009247,0.011844,0.007872
1771002440.353225,6.678104,-1.237778,-0.519721,1.308996,0.008841,0.011959,0.007742
1771002440.358212,6.683091,-1.185997,-0.441283,1.331239,0.008431,0.012591,0.007594
1771002440.363184,6.688063,-1.226938,-0.564243,1.302322,0.009748,0.012390,0.008264
1771002440.368205,6.693084,-1.242681,-0.465367,1.344215,0.008161,0.012023,0.007639
1771002440.373147,6.698025,-1.199674,-0.487469,1.318415,0.008648,0.012507,0.008151
1771002440.378131,6.703010,-1.859925,-0.084361,1.050467,0.004386,-0.002834,-0.010093
1771002440.383180,6.708058,-1.281820,-0.612683,1.282473,0.009601,0.011419,0.007542
1771002440.388101,6.712979,-1.169658,-0.554426,1.267413,0.009435,0.012385,0.008493
1771002440.393085,6.717963,-1.265471,-0.626906,1.273369,0.010017,0.011619,0.007468
1771002440.398066,6.722945,-1.172371,-0.568603,1.285286,0.009767,0.012854,0.008101
1771002440.403046,6.727925,-1.244651,-0.552303,1.280039,0.009186,0.012014,0.007575
1771002440.408107,6.732986,-1.171023,-0.485279,1.339775,0.008672,0.012118,0.008453
1771002440.413005,6.737884,-1.212348,-0.515247,1.298062,0.008912,0.012740,0.007899
1771002440.417993,6.742871,-1.258401,-0.480101,1.306678,0.008608,0.012438,0.007652
1771002440.423031,6.747910,-1.229975,-0.602766,1.274198,0.009981,0.011918,0.007593
1771002440.427978,6.752856,-1.193031,-0.513281,1.333851,0.009194,0.012971,0.007946
1771002440.432961,6.757840,-1.274142,-0.550246,1.294622,0.009301,0.011594,0.007154
1771002440.437927,6.762806,-1.174066,-0.544905,1.306514,0.009658,0.012489,0.008329
1771002440.442895,6.767773,-1.190068,-0.548445,1.275087,0.009621,0.012329,0.008149
1771002440.447891,6.772770,-1.181534,-0.471309,1.339788,0.008552,0.011987,0.008246
1771002440.452855,6.777734,-1.185270,-0.401291,1.365069,0.008225,0.012800,0.007936
1771002440.457838,6.782716,-1.174542,-0.472089,1.322569,0.008752,0.012183,0.007649
1771002440.462822,6.787700,-1.218711,-0.517643,1.299646,0.008927,0.011894,0.007578
1771002440.467807,6.792685,-1.149745,-0.505643,1.308537,0.008975,0.011941,0.007816
1771002440.472798,6.797677,-1.170120,-0.415127,1.349205,0.008011,0.012698,0.007962
1771002440.477782,6.802661,-1.210919,-0.548691,1.307602,0.009287,0.012296,0.008080
1771002440.482760,6.807639,-1.190391,-0.456089,1.368713,0.008130,0.012274,0.007934
1771002440.487728,6.812607,-1.138850,-0.383022,1.349599,0.007691,0.013676,0.009027
1771002440.492717,6.817596,-1.244052,-0.521753,1.294783,0.009056,0.011651,0.007329
1771002440.497711,6.822590,-1.190919,-0.528670,1.314944,0.009172,0.012337,0.008422
1771002440.502717,6.827596,-1.204356,-0.463304,1.324706,0.008862,0.012991,0.007696
1771002440.507667,6.832546,-1.100880,-0.377789,1.358026,0.007898,0.012998,0.008541
1771002440.512649,6.837528,-1.189855,-0.538684,1.325776,0.009262,0.012601,0.008088
1771002440.517645,6.842523,-1.156734,-0.522254,1.329176,0.009343,0.012569,0.008628
1771002440.522620,6.847499,-1.165537,-0.538977,1.287332,0.009710,0.012378,0.008412
1771002440.527584,6.852463,-1.234059,-0.446108,1.343595,0.008274,0.011682,0.007291
1771002440.532604,6.857483,-1.185967,-0.552609,1.295609,0.009634,0.012062,0.008404
1771002440.537565,6.862444,-1.164497,-0.358666,1.368734,0.007650,0.013209,0.007800
1771002440.542553,6.867432,-1.213467,-0.495730,1.318047,0.008594,0.012261,0.007620
1771002440.547524,6.872403,-1.222700,-0.511934,1.304970,0.009031,0.011867,0.007662
1771002440.552505,6.877383,-1.248901,-0.418082,1.329314,0.007825,0.012639,0.007511
1771002440.557486,6.882364,-1.246823,-0.557905,1.308702,0.009639,0.011373,0.007504
1771002440.562477,6.887356,-1.227194,-0.561918,1.281266,0.009662,0.011341,0.007611
1771002440.567438,6.892317,0.115500,-0.372837,1.713460,0.017287,0.012345,0.013255
1771002440.572451,6.897330,-1.206519,-0.510347,1.342415,0.008840,0.012404,0.008030
1771002440.577413,6.902291,-1.203926,-0.547957,1.279700,0.009509,0.011842,0.008046
1771002440.582401,6.907280,-1.211633,-0.456281,1.334821,0.008469,0.013093,0.008674
1771002440.587382,6.912261,-0.955008,-0.489369,0.568486,0.001502,0.021182,0.008717
1771002440.592419,6.917298,0.185950,-0.200580,-0.410909,-0.000483,-0.003510,-0.001559
1771002440.597330,6.922209,0.160191,0.044830,-0.300395,-0.002587,-0.003025,-0.001795
1771002440.602374,6.927253,0.205042,0.013599,-0.311882,-0.002229,-0.002433,-0.001711
1771002440.607297,6.932176,0.210970,0.070992,-0.275316,-0.002810,-0.002414,-0.001726
1771002440.612345,6.937224,0.873580,-0.319970,1.074758,0.009462,0.022434,0.013522
1771002440.617253,6.942131,-1.183219,-0.465288,1.347033,0.008850,0.013100,0.008447
1771002440.622253,6.947131,-1.148943,-0.535212,1.332735,0.009290,0.012798,0.008356
1771002440.627234,6.952112,-1.123992,-0.503017,1.361054,0.008835,0.012666,0.009159
1771002440.632306,6.957185,-1.189491,-0.480073,1.322517,0.008911,0.012094,0.007590
1771002440.637188,6.962067,-1.188488,-0.534348,1.337858,0.009037,0.012366,0.007737
1771002440.642189,6.967067,-1.197843,-0.468611,1.363979,0.008395,0.012424,0.007715
1771002440.647151,6.972030,-1.216696,-0.494947,1.361898,0.008705,0.011870,0.007598
1771002440.652139,6.977018,-1.193083,-0.438798,1.358020,0.008391,0.013029,0.007542
1771002440.657116,6.981995,-1.222338,-0.545103,1.296311,0.009062,0.012127,0.007945
1771002440.662112,6.986990,-1.220388,-0.563437,1.336918,0.009299,0.011851,0.007854
1771002440.667089,6.991967,-1.198174,-0.532949,1.279112,0.009449,0.012374,0.007696
1771002440.672078,6.996957,-1.161799,-0.527527,1.287976,0.009478,0.012922,0.008466
1771002440.677046,7.001925,-1.227628,-0.506806,1.331577,0.008830,0.011547,0.007707
1771002440.682114,7.006992,-1.199782,-0.510255,1.305725,0.008739,0.012900,0.007992
1771002440.687014,7.011892,0.401958,1.962613,0.084582,-0.015396,0.006185,-0.008622
1771002440.691995,7.016874,0.198104,-0.034178,-0.309666,-0.001943,-0.002698,-0.001574
1771002440.696982,7.021860,0.201542,-0.074805,-0.418345,-0.000973,-0.002145,-0.001558
1771002440.701993,7.026872,0.181325,-0.002510,-0.354388,-0.002255,-0.002969,-0.001798
1771002440.706937,7.031816,0.178176,0.074687,-0.289753,-0.002891,-0.002808,-0.001776
1771002440.712826,7.037704,0.187459,-0.070079,-0.360435,-0.001663,-0.002555,-0.001408
1771002440.716909,7.041788,0.215423,-0.035290,-0.344444,-0.002012,-0.002750,-0.001585
1771002440.721922,7.046801,0.167645,-0.113229,-0.416598,-0.000829,-0.002947,-0.001977
1771002440.727556,7.052434,0.752657,0.073944,-0.616364,-0.002290,0.005498,0.010941
1771002440.732012,7.056890,-1.220490,-0.523946,1.343374,0.009291,0.011909,0.008091
1771002440.736835,7.061714,-1.236776,-0.517797,1.298530,0.009062,0.011809,0.007366
1771002440.741829,7.066708,-1.201893,-0.486006,1.307334,0.008837,0.012724,0.008191
1771002440.746835,7.071713,-1.229313,-0.557113,1.265503,0.009366,0.011447,0.007384
1771002440.752627,7.077506,-1.237746,-0.532067,1.289254,0.009087,0.011745,0.007507
1771002440.756761,7.081640,-1.221158,-0.564234,1.299637,0.009444,0.011660,0.007582
1771002440.761745,7.086624,-1.174215,-0.366416,1.388027,0.007467,0.012691,0.008011
1771002440.767384,7.092263,-1.194782,-0.524583,1.319919,0.009035,0.011592,0.007929
1771002440.771718,7.096596,-1.233744,-0.561599,1.256980,0.009062,0.012601,0.008054
1771002440.776702,7.101580,-1.186977,-0.412103,1.358319,0.008289,0.012866,0.007594
1771002440.781669,7.106548,-1.204881,-0.461338,1.294123,0.008891,0.012544,0.007659
1771002440.786647,7.111526,-1.175858,-0.427085,1.336493,0.008122,0.012253,0.007514
1771002440.791631,7.116510,-1.196924,-0.493726,1.289977,0.008952,0.012615,0.008396
1771002440.796613,7.121492,-1.145649,-0.401955,1.349772,0.008167,0.012626,0.007854
1771002440.801637,7.126516,-1.178784,-0.467008,1.377513,0.008058,0.012427,0.007873
1771002440.806597,7.131475,-1.161828,-0.455612,1.346288,0.008043,0.012689,0.007903
1771002440.811570,7.136449,-1.162715,-0.469146,1.325740,0.008636,0.012337,0.008256
1771002440.816556,7.141434,-1.151503,-0.406339,1.334412,0.007675,0.012634,0.007928
1771002440.821530,7.146409,-1.209713,-0.422661,1.329015,0.008066,0.012049,0.007311
1771002440.826525,7.151404,-1.160882,-0.440486,1.333939,0.008138,0.012458,0.008131
1771002440.831503,7.156382,-1.190160,-0.443444,1.350681,0.008406,0.012444,0.007827
1771002440.836460,7.161339,-1.244956,-0.515952,1.323662,0.009024,0.011574,0.007055
1771002440.841459,7.166337,-1.223807,-0.534288,1.302977,0.009050,0.012260,0.008064
1771002440.846435,7.171313,-1.212271,-0.530824,1.263320,0.008988,0.012442,0.007399
1771002440.851428,7.176307,-1.239538,-0.567831,1.270926,0.009322,0.012318,0.007800
1771002440.856431,7.181309,-1.261749,-0.537134,1.290058,0.009260,0.011852,0.007342
1771002440.861392,7.186271,-1.280566,-0.601088,1.276892,0.009926,0.011506,0.007454
1771002440.866353,7.191231,-1.188229,-0.476187,1.286989,0.008922,0.013248,0.008451
1771002440.871338,7.196217,-1.189962,-0.558434,1.302845,0.009561,0.012523,0.007530
1771002440.876341,7.201220,-1.160531,-0.436634,1.318524,0.008356,0.013220,0.008230
1771002440.881310,7.206188,-1.234731,-0.496908,1.315917,0.008641,0.012063,0.007041
1771002440.886299,7.211178,-1.178237,-0.559808,1.331727,0.009453,0.011975,0.008427
1771002440.891279,7.216157,-1.171923,-0.461278,1.352113,0.008323,0.012256,0.008245
1771002440.896345,7.221223,-1.185348,-0.478533,1.349480,0.008506,0.012430,0.008200
1771002440.919817,7.244695,-1.139992,-0.389224,1.371034,0.007641,0.012884,0.007938
1771002440.920735,7.245613,-1.198101,-0.607982,1.291851,0.009899,0.011662,0.008104
1771002440.921253,7.246132,-1.170401,-0.502603,1.305111,0.008880,0.012816,0.008725
1771002440.921553,7.246431,-1.107833,-0.470384,1.328233,0.008720,0.012790,0.009099
1771002440.921847,7.246725,-1.224173,-0.514461,1.304955,0.008845,0.011752,0.007784
1771002440.926147,7.251026,-1.198731,-0.570311,1.294715,0.009452,0.011894,0.008207
1771002440.931134,7.256012,-1.213059,-0.527774,1.303154,0.009270,0.012119,0.007777
1771002440.936123,7.261002,-1.280035,-0.528958,1.269448,0.009011,0.011550,0.006710
1771002440.941118,7.265996,-1.234638,-0.515664,1.263448,0.008803,0.012540,0.007014
1771002440.946093,7.270972,-1.147646,-0.520932,1.304958,0.009355,0.012913,0.008118
1771002440.951077,7.275955,-1.153445,-0.498706,1.348027,0.009197,0.012814,0.008276
1771002440.956060,7.280939,-1.171555,-0.546050,1.301474,0.009241,0.012036,0.008057
1771002440.961036,7.285915,-1.227201,-0.514252,1.306634,0.008932,0.011581,0.007557
1771002440.966029,7.290907,-1.220593,-0.566511,1.301462,0.009228,0.011595,0.007610
1771002440.971067,7.295945,-1.158398,-0.525807,1.306582,0.009026,0.012367,0.008280
1771002440.975963,7.300842,-1.191084,-0.558563,1.281761,0.009839,0.012530,0.008318
1771002440.980952,7.305830,-1.229692,-0.593568,1.295274,0.010047,0.011999,0.007826
1771002440.985938,7.310817,-1.225715,-0.527515,1.327240,0.009182,0.012184,0.007821
1771002440.990921,7.315800,0.707361,-0.339103,0.912884,0.010662,0.012488,0.010642
1771002440.995920,7.320799,0.139575,0.005656,-0.268015,-0.001318,-0.002736,-0.001023
1771002441.000972,7.325851,-1.239808,-0.528145,1.317855,0.009355,0.012033,0.007602
1771002441.005871,7.330750,-1.187485,-0.457207,1.328494,0.008548,0.013152,0.008539
1771002441.010847,7.335726,-1.198054,-0.559227,1.306231,0.009297,0.012065,0.008647
1771002441.015830,7.340708,-1.142414,-0.455326,1.341269,0.008614,0.012525,0.008296
1771002441.020801,7.345680,-1.173459,-0.485874,1.342850,0.008906,0.013216,0.008728
1771002441.025805,7.350683,-1.167292,-0.525785,1.325747,0.009258,0.012378,0.007890
1771002441.030776,7.355655,-1.130488,-0.557082,1.284127,0.009635,0.012980,0.008645
1771002441.035902,7.360781,-1.187125,-0.486396,1.326382,0.008553,0.012831,0.008507
1771002441.040743,7.365621,-1.192348,-0.574753,1.276188,0.009769,0.012221,0.007964
1771002441.045739,7.370618,-1.248235,-0.627759,1.263415,0.009993,0.011914,0.007759
1771002441.050715,7.375594,-1.205908,-0.576965,1.300244,0.009595,0.012260,0.007465
1771002441.055701,7.380580,-1.259477,-0.678768,1.267802,0.010278,0.011378,0.007651
1771002441.060669,7.385547,-1.243352,-0.638790,1.297531,0.010105,0.011136,0.007996
1771002441.065660,7.390539,-1.245538,-0.564934,1.284765,0.009654,0.012042,0.007401
1771002441.070682,7.395560,-1.217986,-0.566011,1.287559,0.009283,0.012208,0.008420
1771002441.075638,7.400517,-1.232201,-0.549361,1.285347,0.009530,0.011879,0.007252
1771002441.080597,7.405475,-1.255286,-0.599972,1.280139,0.010002,0.011003,0.007585
1771002441.085595,7.410474,-1.145475,-0.563475,1.281423,0.009992,0.013285,0.008472
1771002441.090565,7.415444,-1.162463,-0.554649,1.324427,0.009463,0.012056,0.008391
1771002441.095544,7.420423,-1.204865,-0.618761,1.285435,0.009808,0.011286,0.008061
1771002441.100584,7.425462,-1.167140,-0.427394,1.346076,0.008116,0.012649,0.008419
1771002441.105510,7.430389,-1.134299,-0.528799,1.338385,0.009128,0.012302,0.008885
1771002441.110531,7.435410,-1.122032,-0.434398,1.362437,0.008174,0.012489,0.008632
1771002441.115481,7.440359,-1.138787,-0.518088,1.333669,0.008863,0.012214,0.008190
1771002441.120467,7.445346,-1.160364,-0.410861,1.353111,0.008315,0.012639,0.008442
1771002441.125428,7.450307,-1.164515,-0.507857,1.319169,0.008901,0.012646,0.008169
1771002441.130430,7.455308,-1.193330,-0.499037,1.348536,0.008665,0.012311,0.007898
1771002441.135418,7.460297,-1.190779,-0.476749,1.335760,0.008693,0.012220,0.007797
1771002441.140395,7.465274,-1.161175,-0.397695,1.355702,0.007938,0.012997,0.007845
1771002441.145361,7.470240,-1.167212,-0.538059,1.299995,0.009440,0.012558,0.008179
1771002441.150341,7.475220,-1.209651,-0.519954,1.341710,0.008881,0.012383,0.008129
1771002441.155320,7.480199,-1.186522,-0.538941,1.285732,0.009133,0.012407,0.007816
1771002441.160353,7.485232,-1.244032,-0.525588,1.268275,0.009117,0.012063,0.007153
1771002441.165302,7.490181,-1.216755,-0.540423,1.285846,0.009567,0.012424,0.007427
1771002441.170363,7.495241,-1.232741,-0.617926,1.286798,0.010214,0.012133,0.008101
1771002441.175255,7.500134,-1.207009,-0.479653,1.321038,0.008640,0.012234,0.007645
1771002441.180226,7.505105,-1.204018,-0.491390,1.319589,0.008784,0.012576,0.007711
1771002441.185221,7.510100,-1.209933,-0.517577,1.323058,0.008869,0.011880,0.007508
1771002441.190207,7.515086,-1.193324,-0.448895,1.341085,0.008064,0.012430,0.007706
1771002441.195180,7.520059,-1.233254,-0.476887,1.303573,0.008263,0.012408,0.007603
1771002441.200189,7.525068,-1.201526,-0.457944,1.307587,0.008417,0.012734,0.007800
1771002441.205147,7.530026,-1.197719,-0.510686,1.276987,0.008962,0.012906,0.007739
1771002441.210131,7.535009,-1.232509,-0.443674,1.305649,0.007894,0.011907,0.007421
1771002441.215108,7.539987,-1.229175,-0.552499,1.269928,0.009231,0.012308,0.008080
1771002441.220096,7.544975,-1.203059,-0.518475,1.294073,0.008865,0.012643,0.008089
1771002441.225073,7.549951,-1.224069,-0.515461,1.327654,0.008995,0.012168,0.007594
1771002441.230044,7.554923,-1.255068,-0.532717,1.292851,0.008840,0.011804,0.007832
1771002441.235144,7.560023,-1.258471,-0.503777,1.305199,0.008807,0.012202,0.007641
1771002441.240037,7.564915,-1.238428,-0.463460,1.309260,0.008388,0.012893,0.007817
1771002441.245015,7.569894,0.110273,-0.311278,1.706859,0.016368,0.012540,0.013198
1771002441.249999,7.574878,-1.182390,-0.463655,1.317404,0.008405,0.012916,0.008279
1771002441.255042,7.579921,-1.220481,-0.515271,1.302962,0.009149,0.012797,0.007797
1771002441.259959,7.584838,-1.194560,-0.507573,1.331290,0.009048,0.012307,0.008101
1771002441.264936,7.589815,-1.197896,-0.431905,1.258383,0.008386,0.013805,0.008305
1771002441.270432,7.595311,-1.231045,-0.411100,1.336649,0.007873,0.012320,0.007163
1771002441.275099,7.599978,-1.239463,-0.521008,1.320593,0.009168,0.011785,0.007606
1771002441.279854,7.604733,-1.261960,-0.623186,1.280843,0.010243,0.011657,0.007285
1771002441.284858,7.609736,-1.232255,-0.514915,1.344074,0.008640,0.012177,0.007834
1771002441.289852,7.614731,-1.244564,-0.556287,1.300145,0.009194,0.012843,0.008122
1771002441.294833,7.619711,-1.220744,-0.554353,1.318708,0.009449,0.012194,0.007517
1771002441.300302,7.625180,0.967953,-0.669796,0.709314,0.014294,0.020794,0.014593
1771002441.304950,7.629829,-1.256619,-0.601580,1.273748,0.010008,0.012360,0.007586
1771002441.309768,7.634647,-1.205114,-0.649769,1.294278,0.010376,0.011774,0.007916
1771002441.314750,7.639628,-1.199827,-0.555757,1.331337,0.009072,0.012146,0.008173
1771002441.319752,7.644630,-1.194410,-0.581664,1.292873,0.009671,0.012136,0.008271
1771002441.324712,7.649591,-1.191766,-0.476873,1.301891,0.009062,0.012933,0.008268
1771002441.329709,7.654588,-1.191366,-0.409292,1.374655,0.008100,0.012704,0.008389
1771002441.334711,7.659590,-1.230371,-0.577683,1.327372,0.009823,0.011966,0.007925
1771002441.339668,7.664546,-1.199499,-0.497548,1.336848,0.008587,0.011962,0.008430
1771002441.344641,7.669520,-1.159710,-0.499079,1.358606,0.008373,0.011940,0.008402
1771002441.349621,7.674500,-1.176892,-0.603313,1.296896,0.010017,0.012108,0.008241
1771002441.354606,7.679484,-1.169789,-0.563915,1.345373,0.009620,0.012186,0.008546
1771002441.359579,7.684458,-1.141592,-0.500799,1.360822,0.008583,0.012401,0.008781
1771002441.365236,7.690115,-1.151247,-0.566433,1.332504,0.009453,0.012136,0.008075
1771002441.370670,7.695549,-1.150659,-0.643821,1.324828,0.010126,0.011911,0.008879
1771002441.374539,7.699418,-1.170386,-0.572183,1.307105,0.009673,0.011696,0.008058
1771002441.379522,7.704401,-1.205027,-0.559261,1.302828,0.009137,0.011829,0.007602
1771002441.384984,7.709863,-1.123863,-0.510209,1.343700,0.008832,0.012410,0.009118
1771002441.389508,7.714387,-1.194617,-0.528716,1.354573,0.008943,0.011759,0.008037
1771002441.394514,7.719393,-1.149573,-0.489445,1.340958,0.009079,0.012263,0.008223
1771002441.399951,7.724829,-1.242559,-0.571506,1.314580,0.009544,0.011607,0.008126
1771002441.405029,7.729908,0.112961,-0.453671,1.711975,0.017372,0.011159,0.013146
1771002441.409412,7.734291,-1.203086,-0.543382,1.284749,0.009372,0.012749,0.008276
1771002441.414426,7.739305,-1.150021,-0.554866,1.331192,0.009599,0.012345,0.008479
1771002441.419376,7.744254,-1.160528,-0.566676,1.322034,0.009655,0.011949,0.008148
1771002441.424398,7.749277,-1.159477,-0.467116,1.333187,0.008693,0.012679,0.008454
1771002441.429351,7.754230,-1.157508,-0.455052,1.355269,0.008493,0.012307,0.008348
1771002441.434380,7.759259,-1.137341,-0.545917,1.308486,0.009436,0.012163,0.008701
1771002441.439309,7.764188,-1.166771,-0.434515,1.333472,0.008257,0.013133,0.007963
1771002441.444346,7.769225,-1.159187,-0.538228,1.296141,0.009232,0.012955,0.008556
1771002441.449264,7.774142,-1.136941,-0.503144,1.303519,0.009010,0.012863,0.008530
1771002441.454746,7.779625,-1.182541,-0.553808,1.291071,0.009377,0.011863,0.008282
1771002441.459237,7.784116,-1.214056,-0.585639,1.289138,0.009519,0.012077,0.008430
1771002441.464219,7.789098,-1.193384,-0.548369,1.327128,0.009547,0.012097,0.008968
1771002441.469202,7.794080,-1.169744,-0.509177,1.293109,0.009223,0.012268,0.008447
1771002441.474181,7.799060,-1.170823,-0.510742,1.312639,0.009100,0.011840,0.007872
1771002441.479160,7.804039,-1.178115,-0.485076,1.308217,0.008970,0.012801,0.008199
1771002441.484138,7.809017,-1.176422,-0.546230,1.259034,0.009584,0.012162,0.008234
1771002441.489150,7.814029,-1.140586,-0.380227,1.319358,0.007836,0.013286,0.008359
1771002441.494121,7.818999,-1.181169,-0.498293,1.304568,0.008827,0.012233,0.008024
1771002441.499144,7.824022,-1.137716,-0.403732,1.380671,0.007848,0.012915,0.008647
1771002441.504087,7.828966,-1.156767,-0.367565,1.403196,0.007481,0.012725,0.008160
1771002441.509057,7.833935,-1.156946,-0.498453,1.320065,0.009112,0.011919,0.008083
1771002441.514041,7.838920,-1.200717,-0.445118,1.331018,0.008616,0.012712,0.007715
1771002441.519024,7.843903,-1.150920,-0.426281,1.326986,0.008586,0.013133,0.008192
1771002441.524010,7.848888,-1.221183,-0.459127,1.291362,0.008134,0.012697,0.007648
1771002441.528990,7.853868,-1.227975,-0.517049,1.301579,0.009074,0.011433,0.007383
1771002441.533996,7.858875,-1.240360,-0.489947,1.290198,0.008792,0.013162,0.008521
1771002441.538958,7.863837,-1.195412,-0.507030,1.314965,0.009099,0.012214,0.008116
1771002441.543929,7.868808,-1.212381,-0.497497,1.323652,0.008800,0.012793,0.008065
1771002441.548907,7.873785,-1.237764,-0.530485,1.343145,0.009201,0.011622,0.007599
1771002441.553891,7.878769,-1.219118,-0.471355,1.354796,0.008470,0.012645,0.008114
1771002441.558871,7.883749,-1.182829,-0.484753,1.361384,0.008819,0.012593,0.008193
1771002441.563857,7.888736,0.147422,-0.370235,1.720750,0.016808,0.012748,0.013515
1771002441.568855,7.893734,-1.233876,-0.577318,1.299032,0.009420,0.012294,0.007457
1771002441.573824,7.898703,0.127149,-0.368225,1.701185,0.016665,0.011962,0.013228
1771002441.578799,7.903678,-1.173440,-0.499345,1.388263,0.008365,0.012337,0.008303
1771002441.583782,7.908661,0.174041,-0.358497,1.716285,0.016834,0.013439,0.013602
1771002441.588785,7.913664,-1.204928,-0.504509,1.364119,0.008481,0.012618,0.008151
1771002441.593751,7.918630,0.529101,1.438636,0.154918,0.003899,0.007646,0.011636
1771002441.598736,7.923615,0.156656,-0.009544,-0.293328,-0.002138,-0.002562,-0.001472
1771002441.603728,7.928607,0.153130,0.062527,-0.226069,-0.002868,-0.002525,-0.001860
1771002441.608703,7.933582,0.164344,-0.103369,-0.335851,-0.000918,-0.002852,-0.001145
1771002441.613682,7.938560,0.300424,-0.909361,-0.722683,0.005976,-0.002714,0.000777
1771002441.618662,7.943541,-1.233885,-0.434604,1.386603,0.007829,0.012401,0.007919
1771002441.623643,7.948522,-1.138619,-0.423352,1.381177,0.007952,0.012797,0.008290
1771002441.628621,7.953500,-1.187181,-0.522258,1.321280,0.009379,0.013321,0.008265
1771002441.633621,7.958500,-1.262869,-0.564291,1.307871,0.009399,0.012185,0.007835
1771002441.638587,7.963466,-1.240143,-0.555032,1.332204,0.009145,0.012462,0.008191
1771002441.643571,7.968450,-1.208847,-0.444538,1.382848,0.008043,0.012063,0.007916
1771002441.648557,7.973436,-1.149585,-0.537607,1.322737,0.009378,0.012901,0.008123
1771002441.653528,7.978407,-1.204321,-0.631993,1.314469,0.010146,0.011799,0.007979
1771002441.658532,7.983411,-1.185693,-0.498010,1.360125,0.008540,0.012678,0.008101
1771002441.663496,7.988375,-1.165344,-0.461847,1.356350,0.008553,0.012771,0.008231
1771002441.669276,7.994155,-1.196226,-0.468394,1.324402,0.008493,0.013010,0.008227
1771002441.673464,7.998343,-1.219272,-0.507399,1.345851,0.008620,0.012207,0.007919
1771002441.678438,8.003317,-1.193259,-0.617190,1.296662,0.010248,0.012259,0.007872
1771002441.683420,8.008299,0.138531,-0.468699,1.645165,0.018188,0.013132,0.012679
1771002441.688407,8.013286,0.126077,-0.380783,1.675789,0.017337,0.012824,0.012375
1771002441.693392,8.018270,0.130515,-0.411446,1.687718,0.017317,0.012658,0.012785
1771002441.698370,8.023248,-1.233873,-0.657374,1.238969,0.010407,0.012296,0.006963
1771002441.703384,8.028263,-1.217164,-0.535492,1.307543,0.009046,0.012239,0.007051
1771002441.708346,8.033225,-1.205233,-0.556098,1.325262,0.009533,0.012324,0.007451
1771002441.713322,8.038200,-1.228299,-0.578287,1.307061,0.009637,0.012186,0.007156
1771002441.718301,8.043180,-1.213681,-0.596190,1.321557,0.010020,0.012426,0.008233
1771002441.723271,8.048150,-1.167648,-0.523963,1.359815,0.009053,0.011723,0.008382
1771002441.728261,8.053140,-1.222721,-0.515941,1.350895,0.009109,0.012043,0.007833
1771002441.733235,8.058114,-1.192372,-0.553839,1.342616,0.009184,0.011915,0.007808
1771002441.738233,8.063112,-1.210828,-0.588814,1.333562,0.009601,0.011572,0.007898
1771002441.743204,8.068083,-1.192662,-0.605159,1.328796,0.010159,0.012294,0.008342
1771002441.748183,8.073061,-1.175538,-0.502943,1.330546,0.008789,0.012528,0.008617
1771002441.753178,8.078057,-1.193371,-0.576188,1.320652,0.009644,0.011957,0.008168
1771002441.758154,8.083033,-1.219955,-0.577076,1.339242,0.009569,0.011529,0.007801
1771002441.763139,8.088017,-1.206731,-0.510003,1.351398,0.008697,0.011863,0.007633
1771002441.768113,8.092992,-1.234711,-0.564972,1.314779,0.009475,0.012026,0.008088
1771002441.773104,8.097982,-1.170609,-0.588589,1.322634,0.009820,0.012460,0.008172
1771002441.778076,8.102955,-1.133635,-0.463169,1.359868,0.008377,0.013341,0.008857
1771002441.783060,8.107939,-1.207293,-0.545292,1.358418,0.009359,0.012098,0.008020
1771002441.788040,8.112919,-1.230945,-0.523816,1.352908,0.008694,0.011817,0.007583
1771002441.793027,8.117906,-1.170582,-0.446147,1.367106,0.008362,0.013964,0.008920
1771002441.798007,8.122886,-1.177836,-0.490599,1.317952,0.008942,0.012429,0.007515
1771002441.802975,8.127853,0.137793,-0.422374,1.699853,0.016940,0.012464,0.013642
1771002441.807966,8.132845,-1.221410,-0.595638,1.298558,0.009804,0.011576,0.007627
1771002441.812954,8.137833,-1.187841,-0.541025,1.359793,0.009145,0.012083,0.007816
1771002441.817945,8.142823,-1.246531,-0.513543,1.353024,0.009252,0.012274,0.007404
1771002441.822927,8.147805,0.154066,-0.331593,1.760072,0.016502,0.012712,0.013541
1771002441.827902,8.152781,-1.198421,-0.511036,1.368874,0.008758,0.012445,0.008440
1771002441.832866,8.157745,-1.186190,-0.515398,1.324343,0.009295,0.012930,0.008255
1771002441.837871,8.162750,0.150078,-0.325774,1.743144,0.016322,0.012944,0.013978
1771002441.842849,8.167727,-1.201582,-0.424144,1.368509,0.008128,0.013004,0.008266
1771002441.847827,8.172706,-1.184010,-0.488076,1.332069,0.009123,0.012855,0.008270
1771002441.852799,8.177678,-1.206362,-0.240436,1.424211,0.006108,0.011794,0.006731
1771002441.857795,8.182674,0.190240,-0.079451,-0.332015,-0.001814,-0.002898,-0.001523
1771002441.862775,8.187654,0.208808,0.020020,-0.297845,-0.002439,-0.002748,-0.001813
1771002441.867755,8.192634,0.169478,-0.050807,-0.317022,-0.001931,-0.002560,-0.001893
1771002441.872739,8.197618,0.225161,-0.041467,-0.348087,-0.001799,-0.002672,-0.001673
1771002441.877718,8.202597,0.223057,-0.005660,-0.291247,-0.002035,-0.002381,-0.001248
1771002441.882699,8.207578,0.200793,0.003984,-0.261495,-0.002186,-0.002510,-0.001439
1771002441.888199,8.213078,0.176528,-0.031544,-0.299137,-0.001874,-0.002653,-0.001453
1771002441.892717,8.217596,0.167740,-0.054403,-0.299217,-0.001802,-0.002396,-0.001461
1771002441.898689,8.223567,0.203489,-0.002966,-0.268325,-0.002336,-0.002846,-0.001618
1771002441.902655,8.227534,0.152292,-0.043092,-0.333747,-0.001713,-0.002423,-0.001837
1771002441.907617,8.232496,0.186681,0.004360,-0.298989,-0.002083,-0.002628,-0.001875
1771002441.913315,8.238194,0.152410,0.031139,-0.288842,-0.002465,-0.002748,-0.002090
1771002441.917605,8.242484,0.316327,-0.236305,-0.609452,0.001072,-0.002946,-0.000359
1771002441.922579,8.247458,0.211194,-0.035268,-0.314234,-0.001742,-0.002477,-0.001843
1771002441.928218,8.253097,0.167722,-0.005747,-0.299581,-0.002330,-0.002789,-0.001740
1771002441.932578,8.257456,0.134947,-0.015327,-0.334479,-0.002132,-0.002600,-0.001919
1771002441.938225,8.263103,0.206710,0.024881,-0.283087,-0.002253,-0.002468,-0.001651
1771002441.942512,8.267390,0.163740,-0.015247,-0.318641,-0.002002,-0.002356,-0.001746
1771002441.947468,8.272346,0.135327,-0.019967,-0.323715,-0.002433,-0.002916,-0.002247
1771002441.952430,8.277308,0.243880,0.028641,-0.352933,-0.001823,-0.002558,-0.001074
1771002441.957427,8.282306,-1.915971,0.348275,1.227629,0.000912,-0.003787,-0.011476
1771002441.962410,8.287289,-1.228936,-0.401432,1.373037,0.008156,0.012669,0.007660
1771002441.967380,8.292258,-1.190305,-0.500207,1.340152,0.009418,0.013017,0.008184
1771002441.972382,8.297261,-1.214620,-0.481094,1.335844,0.008293,0.012355,0.007813
1771002441.977354,8.302233,-1.229647,-0.443520,1.338367,0.008044,0.011615,0.007368
1771002441.982340,8.307219,-1.182978,-0.531488,1.342151,0.009463,0.012089,0.007633
1771002441.987325,8.312204,-1.174780,-0.507862,1.350262,0.009113,0.012240,0.007746
1771002441.992299,8.317178,-1.196865,-0.487102,1.327172,0.009080,0.012859,0.008158
1771002441.997279,8.322157,-1.165413,-0.458275,1.324809,0.008446,0.012791,0.007985
1771002442.002319,8.327198,-1.197880,-0.440440,1.362581,0.008460,0.012828,0.007719
1771002442.007242,8.332121,-1.235278,-0.499777,1.346037,0.008717,0.012388,0.007629
1771002442.012222,8.337101,-1.193185,-0.545556,1.310307,0.009192,0.012491,0.008081
1771002442.017211,8.342090,-1.158282,-0.608447,1.234767,0.010514,0.012438,0.007830
1771002442.022190,8.347069,-1.144267,-0.650835,1.192684,0.011313,0.012241,0.007200
1771002442.027194,8.352073,-1.088323,-0.638333,1.175875,0.011528,0.012631,0.007642
1771002442.032293,8.357172,-1.111809,-0.578399,1.197722,0.011068,0.012557,0.007249
1771002442.037146,8.362025,-1.069411,-0.584776,1.174512,0.011073,0.013552,0.008030
1771002442.042118,8.366997,-1.100417,-0.483633,1.202691,0.010082,0.013863,0.007565
1771002442.047105,8.371984,-1.108595,-0.510552,1.203560,0.010367,0.013547,0.007219
1771002442.052093,8.376971,-1.112027,-0.657372,1.110932,0.012251,0.012780,0.006561
1771002442.057071,8.381950,-1.123969,-0.590564,1.121973,0.011209,0.012940,0.006991
1771002442.062057,8.386936,-1.143590,-0.531793,1.145634,0.010337,0.013111,0.006888
1771002442.067018,8.391896,-1.208463,-0.597371,1.100136,0.010726,0.012747,0.005656
1771002442.072111,8.396990,-1.467273,1.408373,1.652867,-0.001676,0.006280,-0.002073
1771002442.076993,8.401872,-1.546702,1.389887,1.594242,-0.000991,0.005945,-0.002873
1771002442.082002,8.406881,-1.246035,-0.054519,1.490483,0.000462,0.005180,0.007708
1771002442.087650,8.412529,-1.253753,-0.794560,1.001661,0.012957,0.012598,0.004733
1771002442.091946,8.416824,-1.518376,1.313140,1.585023,-0.000393,0.006581,-0.002819
1771002442.096976,8.421854,-1.501828,1.399423,1.524045,-0.000995,0.006624,-0.002651
1771002442.102604,8.427482,-1.506805,1.220816,1.598124,-0.000720,0.006172,-0.003200
1771002442.106887,8.431766,-1.157844,-0.684675,0.989009,0.011758,0.013424,0.005386
1771002442.112484,8.437362,-1.460044,1.330426,1.545763,-0.000554,0.006850,-0.002302
1771002442.116892,8.441770,-1.452749,1.385530,1.578621,-0.001560,0.005656,-0.002972
1771002442.121836,8.446714,-1.066438,-0.649942,0.990025,0.011997,0.014096,0.006224
1771002442.127429,8.452308,-1.398159,1.387522,1.605042,-0.001291,0.006406,-0.002412
1771002442.131848,8.456727,-1.399605,1.433445,1.609784,-0.001819,0.006062,-0.002118
1771002442.136847,8.461726,-1.032222,-0.585745,1.102912,0.011367,0.014172,0.006832
1771002442.142414,8.467293,-1.003277,-0.617642,1.051711,0.011354,0.014300,0.007089
1771002442.146761,8.471640,-1.047835,-0.646663,1.065606,0.011869,0.013399,0.006727
1771002442.152380,8.477258,-1.054205,-0.685356,1.079836,0.012004,0.012520,0.006550
1771002442.156710,8.481588,-1.394394,1.283285,1.662230,-0.001380,0.005954,-0.001861
1771002442.161755,8.486633,-1.024865,-0.687680,1.038417,0.012516,0.013832,0.007334
1771002442.166671,8.491549,-1.107114,-0.637239,1.069100,0.011668,0.013041,0.006628
1771002442.171663,8.496541,-1.071888,-0.545772,1.051925,0.011559,0.014785,0.006273
1771002442.177711,8.502589,-1.220204,-0.023827,1.494408,-0.000014,0.004382,0.007311
1771002442.181611,8.506490,-1.205270,-0.079876,1.461986,0.000278,0.004088,0.007163
1771002442.187191,8.512069,-1.469822,1.209478,1.535787,-0.000737,0.006504,-0.003022
1771002442.191574,8.516453,-1.555637,2.036613,1.883239,-0.009825,-0.002262,-0.002635
1771002442.196555,8.521433,-1.555619,1.925715,1.890973,-0.009819,-0.002801,-0.003124
1771002442.202245,8.527123,-1.545387,1.834484,1.843667,-0.009138,-0.002442,-0.003280
1771002442.206527,8.531406,-1.486853,1.851216,1.874482,-0.009087,-0.002345,-0.003224
1771002442.211498,8.536377,-0.009844,1.677548,1.600623,-0.007806,0.004365,0.012408
1771002442.216487,8.541366,0.004660,1.695392,1.543869,-0.007921,0.004583,0.012237
1771002442.221472,8.546350,0.012640,2.002272,0.384106,-0.015900,0.010410,0.007991
1771002442.226519,8.551398,-0.051523,1.611347,1.481456,-0.007306,0.004585,0.011111
1771002442.232136,8.557015,1.126417,1.385570,1.345429,-0.007188,0.013137,-0.000149
1771002442.236476,8.561355,1.134445,1.395390,1.278286,-0.006855,0.013371,-0.000372
1771002442.241419,8.566298,0.116658,1.530867,1.305535,-0.006776,0.001576,0.001331
1771002442.247026,8.571905,0.600523,1.233222,0.861787,-0.011687,0.007975,0.003322
1771002442.251364,8.576243,0.619827,1.198531,0.779814,-0.010941,0.008281,0.003063
1771002442.256337,8.581216,0.561616,1.304062,0.687524,-0.010731,0.008774,0.001905
1771002442.261315,8.586194,0.613944,1.196267,0.544067,-0.008820,0.009893,0.002849
1771002442.266297,8.591175,0.630960,1.251871,0.429217,-0.008955,0.010511,0.002169
1771002442.271803,8.596682,0.553165,1.422936,0.331642,-0.009240,0.010632,0.000439
1771002442.276751,8.601629,0.598673,1.265090,0.245014,-0.008564,0.011522,0.000458
1771002442.281248,8.606127,0.590657,1.091430,0.120275,-0.006884,0.012392,0.000089
1771002442.286227,8.611106,0.599819,1.002985,0.033722,-0.006692,0.012562,-0.001133
1771002442.291203,8.616082,0.622125,1.061942,-0.239297,-0.006019,0.014089,-0.000867
1771002442.296185,8.621063,0.558093,1.097645,-0.328855,-0.007274,0.013284,-0.002045
1771002442.301722,8.626601,0.550098,1.055062,-0.489756,-0.006530,0.014883,-0.002619
1771002442.306135,8.631013,0.400428,1.958529,-0.770361,-0.013397,0.010746,-0.003145
1771002442.311702,8.636581,0.458926,2.050495,-0.899691,-0.013602,0.011016,-0.003328
1771002442.316167,8.641046,0.508392,1.921890,-1.115807,-0.012254,0.011396,-0.003494
1771002442.321122,8.646001,-0.585868,2.138779,-1.165685,-0.014207,-0.000889,-0.000873
1771002442.326723,8.651601,-0.780550,2.820342,-1.264585,-0.026351,-0.009813,0.000139
1771002442.331051,8.655930,0.612618,2.421351,-1.877503,-0.025526,-0.000358,0.015641
1771002442.336033,8.660912,0.638339,2.447821,-2.041151,-0.025136,-0.000661,0.014780
1771002442.341720,8.666599,0.698561,2.524037,-2.205211,-0.025212,-0.000201,0.014649
1771002442.346005,8.670884,0.440108,3.750743,-2.576729,-0.035270,0.002364,0.005632
1771002442.351643,8.676522,0.503215,3.865201,-2.789241,-0.035409,0.002784,0.006008
1771002442.355976,8.680855,0.494441,3.969863,-2.980947,-0.035527,0.002512,0.006001
1771002442.361015,8.685893,0.611043,3.943005,-3.113905,-0.035340,0.002623,0.006432
1771002442.366582,8.691460,0.803899,3.903119,-3.287145,-0.034554,0.003677,0.005874
1771002442.370926,8.695804,0.847768,3.795708,-3.377424,-0.033436,0.003411,0.005224
1771002442.375964,8.700843,1.226735,0.599562,-2.823273,-0.011322,-0.014568,-0.014648
1771002442.381561,8.706440,1.380081,3.699536,-3.765688,-0.025878,0.000960,-0.005135
1771002442.385865,8.710744,1.269204,0.497762,-3.234117,-0.011304,-0.015100,-0.016438
1771002442.390897,8.715775,1.309669,0.440333,-3.489197,-0.010949,-0.015207,-0.016895
1771002442.396763,8.721642,1.246419,-0.060938,-4.139845,-0.008234,-0.017820,-0.017214
1771002442.400872,8.725751,1.360492,0.486221,-4.050695,-0.009813,-0.015249,-0.019205
1771002442.405772,8.730651,1.045169,0.884594,-4.419199,-0.014605,-0.023201,-0.020633
1771002442.411450,8.736329,1.069887,0.569410,-4.710016,-0.013018,-0.022958,-0.021589
1771002442.415752,8.740631,2.199821,0.204026,-5.142533,-0.010883,-0.016487,-0.008775
1771002442.420730,8.745609,2.111012,0.950897,-5.027635,-0.019598,-0.019834,-0.009202
1771002442.426372,8.751251,1.527666,0.990068,-5.318711,-0.019650,-0.030930,-0.008712
1771002442.430701,8.755579,1.593047,0.808798,-5.667333,-0.018272,-0.031639,-0.009897
1771002442.436384,8.761263,1.357564,2.604681,-5.603907,-0.023455,-0.033485,-0.017524
1771002442.440671,8.765550,1.338129,2.357205,-5.991801,-0.021919,-0.034535,-0.019655
1771002442.445643,8.770521,1.239521,2.186901,-6.437330,-0.019885,-0.034403,-0.022245
1771002442.451289,8.776168,1.158774,1.984261,-6.915759,-0.019477,-0.032403,-0.025288
1771002442.455601,8.780480,1.365308,2.706459,-7.263461,-0.022430,-0.041157,-0.010927
1771002442.460584,8.785463,1.114887,3.291434,-7.351788,-0.030641,-0.050946,-0.012049
1771002442.466195,8.791074,1.038351,2.981363,-7.699358,-0.028662,-0.049355,-0.014879
1771002442.470610,8.795488,2.174775,2.575824,-7.838119,-0.017358,-0.045461,-0.013423
1771002442.475540,8.800419,2.081452,2.486285,-8.074012,-0.017377,-0.046747,-0.015054
1771002442.480594,8.805472,2.102714,2.257140,-8.428459,-0.015494,-0.047264,-0.016606
1771002442.485535,8.810414,3.136389,1.889090,-8.991377,-0.012624,-0.037035,-0.026760
1771002442.491162,8.816041,3.006570,3.377150,-8.820677,-0.018375,-0.041497,-0.034460
1771002442.495508,8.820387,3.231241,3.507627,-9.086035,-0.017627,-0.042306,-0.020643
1771002442.500461,8.825339,3.259423,3.133304,-9.157532,-0.017094,-0.041791,-0.022142
1771002442.506152,8.831031,3.269294,3.184264,-9.338767,-0.016840,-0.042197,-0.022204
1771002442.510403,8.835282,3.282237,3.070873,-9.418739,-0.017322,-0.041984,-0.022365
1771002442.515381,8.840259,3.273842,2.986752,-9.382158,-0.017965,-0.041909,-0.021921
1771002442.520367,8.845246,3.288516,3.011161,-9.418253,-0.018669,-0.041639,-0.022223
1771002442.525352,8.850231,3.283874,2.793371,-9.381449,-0.019069,-0.041380,-0.021698
1771002442.530310,8.855189,3.743032,2.594942,-11.677901,-0.029624,-0.037967,-0.024235
1771002442.535325,8.860204,2.292464,3.148955,-9.269304,-0.024040,-0.051155,-0.031539
1771002442.540293,8.865172,2.669291,2.875425,-9.645916,-0.036025,-0.042165,-0.031060
1771002442.545277,8.870156,2.595344,2.854605,-9.637838,-0.035680,-0.042959,-0.030510
1771002442.550254,8.875133,2.542156,2.857917,-9.645705,-0.035861,-0.043273,-0.030845
1771002442.555235,8.880114,2.488965,3.087399,-9.726690,-0.036709,-0.043719,-0.030475
1771002442.560214,8.885093,2.433075,3.252489,-9.751471,-0.037165,-0.044873,-0.030300
1771002442.565205,8.890084,2.410650,3.339736,-9.795296,-0.037075,-0.045028,-0.029606
1771002442.570194,8.895073,2.409528,3.381463,-9.800890,-0.036948,-0.045212,-0.029032
1771002442.575161,8.900040,2.393687,3.467679,-9.803905,-0.037601,-0.045957,-0.029075
1771002442.580146,8.905025,2.379412,3.400172,-9.873496,-0.037505,-0.046162,-0.029634
1771002442.585128,8.910007,2.366714,3.488684,-10.043203,-0.037485,-0.045681,-0.030170
1771002442.590115,8.914994,1.071231,6.312113,-11.630357,-0.050685,-0.047963,-0.031025
1771002442.595088,8.919966,2.799830,4.654889,-15.071413,-0.030586,-0.038840,-0.036148
1771002442.600080,8.924959,4.029504,4.624565,-15.126271,-0.032742,-0.038343,-0.024286
1771002442.605057,8.929936,3.295508,4.527027,-15.277488,-0.029760,-0.046242,-0.023346
1771002442.610034,8.934912,3.328241,4.480886,-15.560591,-0.030040,-0.045857,-0.024462
1771002442.615021,8.939900,3.367370,2.968992,-10.909876,-0.034413,-0.038439,-0.022982
1771002442.620008,8.944886,3.315084,3.046927,-10.948811,-0.034931,-0.038657,-0.022764
1771002442.624989,8.949868,3.351428,2.736778,-10.905476,-0.034673,-0.038164,-0.022753
1771002442.629994,8.954873,3.307775,2.982875,-10.927578,-0.036038,-0.038396,-0.022616
1771002442.634934,8.959813,3.364943,2.936248,-11.021326,-0.036127,-0.038515,-0.022224
1771002442.639973,8.964852,3.387951,2.829805,-10.907129,-0.036112,-0.037895,-0.021644
1771002442.644918,8.969797,3.403636,2.840832,-10.856230,-0.036991,-0.038141,-0.021260
1771002442.649896,8.974774,4.341604,2.730298,-11.256679,-0.037547,-0.025982,-0.029338
1771002442.654876,8.979755,4.323242,2.593877,-11.276821,-0.037412,-0.025875,-0.029105
1771002442.659941,8.984820,4.324143,2.550020,-11.299124,-0.038054,-0.025752,-0.029132
1771002442.664843,8.989722,4.348351,2.553644,-11.358515,-0.038495,-0.025505,-0.029368
1771002442.669826,8.994704,4.342691,2.426935,-11.414080,-0.037538,-0.025556,-0.029771
1771002442.674814,8.999692,4.357614,2.592817,-11.558257,-0.038730,-0.025467,-0.029664
1771002442.679788,9.004667,4.368910,2.469491,-11.621328,-0.038129,-0.025394,-0.030525
1771002442.684763,9.009642,4.392177,2.434418,-11.725271,-0.037972,-0.024871,-0.030450
1771002442.689743,9.014622,4.361009,2.181059,-11.701384,-0.037228,-0.025235,-0.031386
1771002442.694801,9.019680,4.362969,2.236696,-11.715797,-0.037793,-0.025004,-0.031125
1771002442.699698,9.024577,4.369263,2.359765,-11.805904,-0.037942,-0.025320,-0.031511
1771002442.704677,9.029556,4.363402,2.287781,-11.874237,-0.037270,-0.025258,-0.032156
1771002442.710451,9.035330,4.353778,2.185603,-11.888353,-0.037090,-0.025758,-0.032804
1771002442.714653,9.039532,3.744751,2.274879,-11.897223,-0.034078,-0.037889,-0.031240
1771002442.720279,9.045157,3.637704,2.816620,-11.561054,-0.042765,-0.045919,-0.029888
1771002442.724616,9.049495,3.655319,2.786266,-11.623730,-0.043182,-0.046015,-0.030676
1771002442.729644,9.054522,3.645123,2.773253,-11.746409,-0.043109,-0.046310,-0.031666
1771002442.735281,9.060160,3.621185,2.668512,-11.789351,-0.041978,-0.046245,-0.032288
1771002442.739627,9.064506,3.648108,2.717918,-11.926826,-0.042356,-0.046614,-0.032920
1771002442.745511,9.070390,3.398209,3.320942,-12.069252,-0.047174,-0.054574,-0.032326
1771002442.749530,9.074408,3.373742,3.517429,-12.146862,-0.047529,-0.055026,-0.031998
1771002442.754520,9.079398,3.633873,2.547010,-11.867940,-0.042237,-0.046047,-0.033287
1771002442.760212,9.085090,3.607575,2.472386,-11.856764,-0.042107,-0.046223,-0.033280
1771002442.764522,9.089401,3.445741,3.425914,-12.291361,-0.046708,-0.054620,-0.032676
1771002442.770169,9.095048,3.396049,3.262349,-12.172970,-0.047148,-0.054492,-0.033063
1771002442.774442,9.099320,3.402011,3.487342,-12.323717,-0.046862,-0.055189,-0.032427
1771002442.779422,9.104301,3.407056,3.288053,-12.319654,-0.045943,-0.054487,-0.033213
1771002442.784401,9.109280,3.391978,3.357900,-12.365215,-0.046970,-0.054634,-0.033185
1771002442.789385,9.114264,3.369589,3.342797,-12.469799,-0.047225,-0.055146,-0.034134
1771002442.794359,9.119238,3.405626,3.305122,-12.549505,-0.046279,-0.054124,-0.033772
1771002442.799327,9.124206,3.108259,4.841426,-12.329152,-0.055081,-0.060256,-0.041093
1771002442.804340,9.129219,3.147827,4.794511,-12.379608,-0.054844,-0.059337,-0.041570
1771002442.809306,9.134184,3.124351,4.782067,-12.525903,-0.054215,-0.059654,-0.041667
1771002442.814290,9.139169,3.089358,4.609494,-12.502550,-0.054925,-0.060029,-0.042682
1771002442.819268,9.144146,4.096081,4.652213,-12.692340,-0.051577,-0.051266,-0.030199
1771002442.824255,9.149134,4.066955,4.503667,-12.784961,-0.051496,-0.051220,-0.030580
1771002442.829240,9.154118,4.072307,4.452472,-12.783173,-0.050927,-0.050533,-0.031372
1771002442.834231,9.159110,4.814458,3.710235,-14.278674,-0.048013,-0.044005,-0.038779
1771002442.839242,9.164121,4.563126,7.805727,-19.519829,-0.033528,-0.063799,-0.030779
1771002442.844187,9.169065,4.473030,8.419520,-19.971699,-0.042200,-0.073668,-0.029804
1771002442.849167,9.174045,5.752769,7.918760,-19.352619,-0.036668,-0.060112,-0.019343
1771002442.854148,9.179027,4.427285,8.515510,-20.208416,-0.042981,-0.072627,-0.030027
1771002442.859130,9.184008,4.370052,8.975055,-16.175568,-0.052581,-0.053100,-0.021872
1771002442.864126,9.189005,4.966324,3.891036,-13.501741,-0.040821,-0.045019,-0.028981
1771002442.869108,9.193987,4.966563,3.772840,-13.410604,-0.040351,-0.044279,-0.029486
1771002442.874098,9.198976,4.973000,3.867000,-13.544744,-0.041009,-0.044741,-0.029609
1771002442.879064,9.203943,4.993205,3.771327,-13.565268,-0.040646,-0.044330,-0.029442
1771002442.884040,9.208918,5.051370,3.830078,-13.665288,-0.040911,-0.043966,-0.029255
1771002442.889022,9.213901,4.183996,4.043681,-13.404007,-0.053218,-0.049201,-0.033454
1771002442.893999,9.218877,4.199826,4.065611,-13.487163,-0.053255,-0.049056,-0.033377
1771002442.898986,9.223864,3.491284,4.181488,-13.303878,-0.052495,-0.059612,-0.030594
1771002442.903957,9.228836,3.498715,4.232745,-13.309961,-0.052581,-0.059673,-0.030403
1771002442.908953,9.233832,4.439397,3.808973,-13.336588,-0.039697,-0.055222,-0.027028
1771002442.913927,9.238806,3.507782,4.171906,-13.428654,-0.052284,-0.059430,-0.030678
1771002442.918911,9.243789,3.470546,4.150783,-13.270182,-0.052761,-0.060184,-0.030646
1771002442.923871,9.248749,3.465656,4.242779,-13.255126,-0.053428,-0.060251,-0.030680
1771002442.928870,9.253749,4.258174,4.053545,-13.456257,-0.052900,-0.048464,-0.032800
1771002442.933844,9.258723,4.223239,4.035491,-13.375896,-0.053186,-0.048860,-0.033049
1771002442.938843,9.263721,4.196807,4.063824,-13.224242,-0.053050,-0.048763,-0.033103
1771002442.943823,9.268701,4.196177,4.179786,-13.118843,-0.053797,-0.049432,-0.032126
1771002442.948801,9.273680,4.209228,4.131842,-12.986568,-0.053605,-0.048708,-0.031364
1771002442.953761,9.278640,4.235209,4.187065,-12.864092,-0.053931,-0.048169,-0.031147
1771002442.958762,9.283641,3.192463,4.299177,-12.690463,-0.056531,-0.057966,-0.043091
1771002442.963763,9.288642,3.103043,4.387950,-12.236031,-0.056575,-0.058718,-0.042103
1771002442.969466,9.294345,3.055559,4.467932,-11.933152,-0.056645,-0.058965,-0.042091
1771002442.973781,9.298660,3.075060,4.516885,-11.724129,-0.056775,-0.058500,-0.039534
1771002442.979250,9.304129,3.584479,2.168478,-11.424906,-0.042579,-0.044333,-0.032822
1771002442.984269,9.309148,3.708713,1.573939,-11.419210,-0.033411,-0.035661,-0.032880
1771002442.988661,9.313540,4.278235,1.674424,-11.228954,-0.036217,-0.023683,-0.033890
1771002442.993659,9.318537,3.030175,2.290388,-9.955273,-0.025253,-0.044172,-0.025581
1771002442.999198,9.324077,2.991498,2.395219,-9.457802,-0.026319,-0.043555,-0.024231
1771002443.003607,9.328485,2.960867,2.561358,-9.046892,-0.026089,-0.042786,-0.022687
1771002443.009204,9.334083,1.887214,2.784745,-8.469724,-0.029807,-0.051566,-0.033387
1771002443.013580,9.338459,1.924141,3.166508,-7.917582,-0.030390,-0.050267,-0.032082
1771002443.018543,9.343421,3.162280,4.687954,-8.678162,-0.029923,-0.035107,-0.014526
1771002443.023534,9.348412,3.114695,4.141414,-7.438685,-0.024293,-0.025863,-0.012073
1771002443.028518,9.353396,2.327596,3.932046,-6.957536,-0.016959,-0.027164,-0.021876
1771002443.033556,9.358435,1.942550,4.376553,-5.670861,-0.024307,-0.023451,-0.010546
1771002443.038514,9.363393,1.784668,4.506537,-5.250200,-0.030091,-0.018826,-0.007660
1771002443.043468,9.368347,2.017207,3.332245,-4.696258,-0.023366,-0.015262,0.001554
1771002443.048449,9.373327,2.061791,3.070263,-4.211774,-0.013123,-0.006566,-0.011969
1771002443.053421,9.378300,1.512729,1.884738,-2.923492,-0.019087,-0.016635,-0.024096
1771002443.058404,9.383283,1.668445,1.716297,-2.025083,-0.016406,-0.007655,-0.022356
1771002443.063376,9.388255,2.356793,1.845867,-1.569657,-0.018172,0.003933,-0.021917
1771002443.068374,9.393253,1.247850,0.713199,-1.043154,-0.010447,-0.007590,-0.003807
1771002443.073395,9.398274,0.262334,0.892698,-0.208368,-0.012363,-0.016783,-0.011392
1771002443.078954,9.403833,0.425074,0.592893,-0.071346,-0.005655,-0.010567,-0.010072
1771002443.083362,9.408241,1.072537,0.062844,0.079001,-0.000700,0.000042,-0.010083
1771002443.088298,9.413177,0.729607,0.512350,0.927413,0.004099,-0.006263,-0.009482
1771002443.093861,9.418740,2.166502,1.036553,-0.781984,-0.000935,0.015608,-0.002874
1771002443.098267,9.423145,-0.218552,2.369929,-0.947622,-0.015201,-0.004478,-0.016404
1771002443.103291,9.428169,0.044485,0.431575,-0.865493,-0.008055,-0.003934,-0.005791
1771002443.108291,9.433169,0.351021,-0.287803,-0.918158,-0.000889,-0.001088,-0.002155
1771002443.113820,9.438699,0.306835,0.037664,-0.762813,-0.003446,-0.001067,-0.002683
1771002443.118196,9.443074,-0.305892,1.354266,1.809531,-0.001516,0.012525,-0.014830
1771002443.123220,9.448099,-0.135185,1.290934,1.973636,0.005255,0.006846,0.003496
1771002443.129126,9.454005,-0.117422,1.251311,1.987951,0.005675,0.006378,0.003061
1771002443.133602,9.458481,-0.102865,1.271741,2.007142,0.005296,0.006845,0.004025
1771002443.138506,9.463385,-0.104763,1.276718,2.004764,0.005302,0.006897,0.003948
1771002443.143763,9.468642,-0.019012,-1.790758,-0.444709,0.019990,-0.002151,-0.000616
1771002443.148133,9.473011,0.203333,-0.011690,-0.569778,-0.002701,-0.001673,-0.002897
1771002443.153065,9.477944,0.223632,-0.040238,-0.576011,-0.002732,-0.001570,-0.002730
1771002443.158031,9.482910,0.166298,-0.222129,-0.773497,-0.001758,-0.001824,-0.002559
1771002443.163043,9.487921,0.219808,-0.093086,-0.579730,-0.002363,-0.001907,-0.003071
1771002443.168052,9.492931,0.208063,-0.093708,-0.554436,-0.002002,-0.001951,-0.002600
1771002443.172985,9.497863,0.226890,-0.086884,-0.572362,-0.002043,-0.001903,-0.002390
1771002443.177973,9.502851,0.335147,2.809971,-1.400819,-0.025762,0.010034,0.003922
1771002443.182944,9.507822,-1.166858,-0.539134,1.140368,0.009017,0.013530,0.006658
1771002443.187939,9.512818,-1.160686,-0.410050,1.182527,0.007415,0.014126,0.006953
1771002443.192906,9.517785,-0.099563,1.436562,2.053786,0.004502,0.006508,0.004155
1771002443.197884,9.522762,-0.094077,1.264989,2.073888,0.005194,0.006337,0.004346
1771002443.202959,9.527838,-1.159107,-0.500567,1.195679,0.008730,0.013441,0.006854
1771002443.207887,9.532766,0.238839,-0.335860,1.576817,0.015996,0.014150,0.012825
1771002443.212838,9.537717,0.198187,-0.381903,1.579076,0.016283,0.013716,0.012362
1771002443.217811,9.542690,-1.223595,-0.550840,1.170572,0.008982,0.012771,0.006429
1771002443.222803,9.547682,-1.162454,-0.509659,1.183338,0.008589,0.012918,0.006675
1771002443.227827,9.552706,0.210837,-0.274460,1.606822,0.015350,0.013083,0.012452
1771002443.232836,9.557714,0.225667,-0.366148,1.570577,0.016729,0.014330,0.012920
1771002443.237738,9.562617,0.206283,-0.349043,1.586104,0.016213,0.013971,0.012699
1771002443.242815,9.567694,-1.506792,1.445895,1.746140,-0.003876,0.005681,-0.002045
1771002443.247696,9.572575,0.239137,-0.309776,1.584599,0.015922,0.014412,0.013479
1771002443.252692,9.577571,0.190742,-0.402345,1.572500,0.016697,0.013318,0.012607
1771002443.257672,9.582551,-1.506345,1.506598,1.771204,-0.004242,0.005544,-0.001620
1771002443.262660,9.587539,0.210684,-0.244941,1.663164,0.014824,0.013241,0.012381
1771002443.267672,9.592551,-0.113348,1.353993,2.034106,0.005339,0.006658,0.004247
1771002443.272622,9.597500,0.227227,-0.244271,1.608627,0.015485,0.013927,0.013004
1771002443.277601,9.602479,-1.161714,-0.432738,1.235571,0.007592,0.013598,0.007271
1771002443.282572,9.607451,0.205961,-0.325619,1.628630,0.016014,0.013240,0.012746
1771002443.287565,9.612444,0.162631,-0.447500,1.582314,0.017524,0.013103,0.012268
1771002443.292552,9.617430,-1.140648,-0.372638,1.277034,0.006555,0.013352,0.006880
1771002443.298007,9.622885,-1.164728,-0.525701,1.235754,0.008748,0.012808,0.006748
1771002443.302648,9.627526,-1.144991,-0.487142,1.229583,0.008397,0.014021,0.007661
1771002443.307511,9.632390,-1.153341,-0.460337,1.217725,0.008285,0.014103,0.007056
1771002443.312572,9.637451,0.223207,-0.315292,1.630461,0.015937,0.013619,0.013039
1771002443.317447,9.642326,-1.171468,-0.497277,1.219310,0.008304,0.012847,0.006580
1771002443.322442,9.647320,-1.151717,-0.369473,1.270170,0.007087,0.013627,0.006982
1771002443.327427,9.652305,0.200173,-0.250508,1.694232,0.015297,0.013024,0.012861
1771002443.332413,9.657292,-1.181114,-0.474467,1.263937,0.008161,0.012751,0.006602
1771002443.337388,9.662266,0.252925,-0.271257,1.627682,0.015654,0.014590,0.013664
1771002443.342363,9.667241,-1.139661,-0.371795,1.250086,0.007228,0.013932,0.007077
1771002443.347336,9.672215,-1.137523,-0.412710,1.233277,0.007853,0.013697,0.007040
1771002443.352353,9.677231,-1.188673,-0.553155,1.208803,0.009220,0.012598,0.006511
1771002443.357333,9.682211,0.239149,-0.236721,1.647811,0.015571,0.014175,0.013398
1771002443.362385,9.687264,-1.167969,-0.356794,1.254889,0.007294,0.013734,0.006403
1771002443.367738,9.692616,-1.180253,-0.439967,1.242421,0.007694,0.012923,0.006705
1771002443.372291,9.697170,-1.129416,-0.394937,1.262587,0.007721,0.014002,0.007134
1771002443.377745,9.702624,-1.157118,-0.394857,1.265353,0.007197,0.013773,0.007456
1771002443.382223,9.707102,-1.210778,-0.427618,1.268082,0.007890,0.012452,0.006235
1771002443.387279,9.712157,0.177133,-0.240089,1.660662,0.015396,0.013155,0.012529
1771002443.392193,9.717072,-1.158038,-0.532984,1.200460,0.009019,0.013328,0.007330
1771002443.397167,9.722046,0.225373,-0.152680,1.679563,0.014366,0.013560,0.013587
1771002443.402143,9.727022,-1.214112,-0.577398,1.192206,0.009295,0.012747,0.006802
1771002443.407130,9.732009,0.205029,-0.262731,1.682632,0.015183,0.013588,0.013168
1771002443.412114,9.736992,0.263208,-0.309024,1.637683,0.016142,0.014601,0.013715
1771002443.417100,9.741979,0.174434,-0.353065,1.626050,0.016355,0.013098,0.013019
1771002443.422082,9.746960,0.201106,-0.318216,1.621363,0.016142,0.014076,0.013154
1771002443.427056,9.751935,0.188993,-0.314786,1.632122,0.016243,0.013692,0.012850
1771002443.432039,9.756918,0.211326,-0.306374,1.660911,0.015804,0.013369,0.012998
1771002443.437022,9.761901,-1.159320,-0.376168,1.334101,0.007038,0.013051,0.006919
1771002443.441999,9.766878,0.189193,-0.326253,1.642965,0.015972,0.012794,0.012711
1771002443.446978,9.771857,-1.162143,-0.457683,1.294941,0.008112,0.013525,0.007454
1771002443.451982,9.776860,0.263059,-0.195057,-0.544749,-0.000553,-0.001298,-0.001271
1771002443.456948,9.781826,0.208335,-0.030330,-0.369844,-0.002579,-0.002027,-0.001936
1771002443.461951,9.786829,0.225675,-0.075995,-0.454706,-0.001972,-0.002074,-0.001951
1771002443.466895,9.791773,0.605259,-0.969758,0.557407,0.019327,0.007590,0.002598
1771002443.471887,9.796766,-1.182892,-0.416070,1.283139,0.007825,0.012884,0.006602
1771002443.476870,9.801749,0.205016,-0.254405,1.657716,0.015606,0.013276,0.012955
1771002443.481848,9.806726,-1.197531,-0.439893,1.282458,0.007430,0.012490,0.006739
1771002443.486833,9.811712,-1.200603,-0.463638,1.267086,0.007776,0.012819,0.007037
1771002443.491816,9.816694,-1.159651,-0.393467,1.293333,0.007501,0.013725,0.007310
1771002443.496796,9.821675,0.221731,-0.310163,1.666981,0.015802,0.013505,0.013316
1771002443.501773,9.826652,-1.177927,-0.414424,1.255138,0.007477,0.013165,0.007024
1771002443.506763,9.831642,0.212007,-0.198411,1.681676,0.015000,0.013957,0.013567
1771002443.511744,9.836623,-1.152929,-0.396295,1.292665,0.007143,0.013221,0.007327
1771002443.516722,9.841601,0.194671,-0.317245,1.648463,0.015842,0.013851,0.012960
1771002443.521703,9.846582,-1.130041,-0.336510,1.325405,0.007043,0.013629,0.007067
1771002443.526683,9.851562,-1.158208,-0.412083,1.286605,0.007708,0.013092,0.007000
1771002443.531675,9.856554,0.241068,-0.309090,1.684337,0.016082,0.013604,0.013294
1771002443.536647,9.861526,-1.147236,-0.460585,1.290437,0.008098,0.013724,0.007668
1771002443.541631,9.866510,-1.162911,-0.410658,1.282539,0.007365,0.013494,0.007358
1771002443.546613,9.871492,0.205158,-0.308836,1.668123,0.015808,0.013348,0.013045
1771002443.551600,9.876478,-1.150629,-0.365512,1.308534,0.006716,0.013415,0.007433
1771002443.556579,9.881458,0.224309,-0.240419,1.715569,0.014867,0.013462,0.013517
1771002443.561559,9.886438,0.194629,-0.337358,1.660450,0.016104,0.012994,0.012895
1771002443.566568,9.891446,0.240257,-0.195410,1.681534,0.014770,0.013548,0.013546
1771002443.571524,9.896403,-1.150213,-0.463997,1.289223,0.007804,0.013413,0.007762
1771002443.576508,9.901386,0.259582,-0.255183,1.696529,0.015459,0.014207,0.013852
1771002443.581491,9.906369,-1.163954,-0.397884,1.330785,0.007042,0.012706,0.007156
1771002443.586484,9.911363,1.769144,1.169423,-0.171189,-0.005754,0.012243,0.009124
1771002443.591459,9.916338,0.195129,-0.016009,-0.410895,-0.002614,-0.001875,-0.002465
1771002443.596432,9.921311,0.194999,0.073332,-0.318887,-0.003393,-0.002206,-0.002327
1771002443.601413,9.926292,0.268902,0.077716,-0.369762,-0.003239,-0.001245,-0.001431
1771002443.606394,9.931273,1.054978,2.921891,-1.175020,-0.028184,0.013737,0.004020
1771002443.611372,9.936251,-1.121145,-0.347609,1.314226,0.006958,0.013997,0.007891
1771002443.616355,9.941233,0.833148,-0.001587,-0.361299,-0.003289,0.005565,-0.002890
1771002443.621348,9.946226,0.265403,0.118475,-0.393988,-0.003655,-0.001997,-0.002181
1771002443.626320,9.951199,0.237228,0.023548,-0.424029,-0.002686,-0.002002,-0.001777
1771002443.631300,9.956179,0.174478,-0.042270,-0.374877,-0.002562,-0.002351,-0.002181
1771002443.636284,9.961162,-1.437006,0.137785,0.957031,0.006202,0.000947,-0.005415
1771002443.641258,9.966137,0.246403,-0.223228,1.679626,0.015025,0.014101,0.013719
1771002443.646244,9.971123,-1.107858,-0.369950,1.344480,0.006917,0.014087,0.008025
1771002443.651239,9.976118,0.199168,-0.312254,1.658816,0.016273,0.013376,0.013215
1771002443.656215,9.981094,-1.170317,-0.458321,1.264564,0.007882,0.012944,0.007459
1771002443.661190,9.986068,0.195706,-0.203101,1.662184,0.015238,0.014777,0.013100
1771002443.666165,9.991044,0.118735,-0.395379,1.608648,0.017186,0.013722,0.012120
1771002443.671155,9.996034,0.104820,-0.329384,1.603777,0.016756,0.014780,0.011894
1771002443.676136,10.001015,0.012289,-0.401012,1.563102,0.017556,0.013642,0.010306
1771002443.681114,10.005993,0.007971,-0.339059,1.563026,0.017195,0.014181,0.010283
1771002443.686106,10.010985,-0.350192,1.315894,1.937633,0.007915,0.007225,0.001502
1771002443.691085,10.015963,-0.595137,1.893679,2.153977,-0.002181,-0.002131,-0.000061
1771002443.696067,10.020946,-0.553537,1.858232,2.175419,-0.001914,-0.001700,0.000658
1771002443.701053,10.025931,-0.545346,1.780497,2.238534,-0.001251,-0.002565,-0.000080
1771002443.706106,10.030984,-0.538888,1.894071,2.135496,-0.002435,-0.001215,0.000660
1771002443.711209,10.036088,-0.018954,-0.421277,1.520903,0.018400,0.015680,0.009230
1771002443.716007,10.040886,-0.345010,1.215799,2.014111,0.007730,0.006467,0.000857
1771002443.720974,10.045853,-0.019627,-0.410518,1.610530,0.017411,0.013497,0.009852
1771002443.725966,10.050845,0.037414,-0.453817,1.561993,0.018239,0.014624,0.010487
1771002443.730932,10.055811,0.087313,-0.416447,1.572068,0.017757,0.014740,0.011172
1771002443.735913,10.060791,0.063401,-0.405920,1.583344,0.017466,0.014587,0.011124
1771002443.740917,10.065795,0.125240,-0.230223,1.647151,0.015307,0.014055,0.012119
1771002443.745889,10.070767,0.126011,-0.330916,1.641522,0.016131,0.014177,0.011889
1771002443.750878,10.075756,0.169639,-0.207930,1.664485,0.015505,0.014610,0.012896
1771002443.755865,10.080743,-0.031019,1.711960,1.324743,-0.010027,0.005616,0.004587
1771002443.760836,10.085715,0.128485,0.001810,-0.351020,-0.002516,-0.002014,-0.002662
1771002443.765834,10.090713,0.170498,-0.010494,-0.387080,-0.002515,-0.001702,-0.002634
1771002443.770801,10.095679,0.183647,-0.037286,-0.340377,-0.002266,-0.001820,-0.002237
1771002443.775777,10.100656,-0.957983,-0.839884,0.990808,0.014522,0.012865,0.009853
1771002443.780759,10.105638,0.095611,-0.438442,1.521336,0.017704,0.013395,0.010559
1771002443.785747,10.110626,-0.254741,1.162923,2.002240,0.006477,0.006069,0.000687
1771002443.790724,10.115603,0.830110,1.361011,1.556043,-0.002627,0.004756,0.014072
1771002443.795706,10.120584,0.893834,1.308811,1.495851,-0.000893,0.005940,0.013761
1771002443.800703,10.125582,0.931940,1.251310,1.483399,0.000193,0.006364,0.012828
1771002443.805668,10.130547,0.890506,1.206700,1.538382,0.000274,0.005769,0.011756
1771002443.810648,10.135527,0.882107,1.101623,1.573213,0.002137,0.005086,0.011530
1771002443.815634,10.140513,0.893840,1.181184,1.492536,0.001293,0.006094,0.010902
1771002443.820624,10.145503,0.018583,1.236321,1.578588,0.004848,-0.005050,0.014098
1771002443.825601,10.150480,0.020765,1.223480,1.603785,0.005016,-0.005168,0.013666
1771002443.830596,10.155475,0.012940,1.173910,1.570038,0.005532,-0.005861,0.012561
1771002443.835579,10.160458,0.049185,1.107520,1.613817,0.006448,-0.005200,0.012643
1771002443.840536,10.165414,0.119491,0.997370,1.577145,0.007550,-0.004778,0.013233
1771002443.845529,10.170408,0.136467,0.913031,1.578376,0.008667,-0.003958,0.012389
1771002443.850534,10.175413,-0.297435,0.390438,1.280726,0.002059,-0.015730,-0.002184
1771002443.855493,10.180371,0.134601,0.768757,1.498161,0.009936,-0.003562,0.010395
1771002443.860478,10.185356,0.102151,0.634670,1.396720,0.011200,-0.003077,0.008771
1771002443.865450,10.190329,0.044428,0.513190,1.337835,0.012037,-0.003108,0.006725
1771002443.870441,10.195320,-0.390110,0.022936,0.821187,0.005621,-0.015403,-0.006184
1771002443.875427,10.200305,0.051588,0.214007,-1.224726,-0.012442,-0.023033,-0.004429
1771002443.880389,10.205268,0.016039,1.674845,-1.542723,-0.013221,-0.016323,-0.012127
1771002443.885385,10.210263,-0.048845,1.685768,-1.608076,-0.012925,-0.016020,-0.013443
1771002443.890370,10.215249,-0.030501,1.514952,-1.783770,-0.012365,-0.016285,-0.014372
1771002443.895344,10.220222,-0.059345,1.147609,-1.910394,-0.010572,-0.015963,-0.014840
1771002443.900399,10.225278,-0.095798,1.050197,-2.084886,-0.010163,-0.015793,-0.016426
1771002443.905660,10.230539,1.156218,0.802364,-2.408277,-0.000524,-0.014025,-0.013631
1771002443.910278,10.235157,2.038746,1.486458,-2.718106,-0.003767,-0.007972,-0.002848
1771002443.915271,10.240149,2.043242,1.467164,-2.776773,-0.003328,-0.007975,-0.003434
1771002443.920261,10.245140,2.078470,1.201492,-2.890391,-0.003150,-0.007792,-0.005499
1771002443.925239,10.250118,2.065925,1.066312,-2.992670,-0.001978,-0.008315,-0.007377
1771002443.930594,10.255473,1.895175,1.502998,-2.783679,-0.008302,-0.012352,-0.006929
1771002443.935639,10.260517,0.803006,1.635039,-2.430537,0.003892,-0.032718,-0.006386
1771002443.940605,10.265484,1.218426,1.128943,-3.023284,-0.003461,-0.025088,-0.006806
1771002443.945142,10.270020,0.830450,1.000357,-2.922112,0.007619,-0.035927,-0.008240
1771002443.950142,10.275021,0.868638,3.966703,-4.390611,-0.011694,-0.021656,0.003036
1771002443.955787,10.280666,0.975185,3.788538,-4.422838,-0.008884,-0.021626,0.001002
1771002443.960168,10.285047,0.965932,3.693039,-4.447383,-0.007123,-0.022204,-0.000085
1771002443.965118,10.289996,1.069707,3.620785,-4.554685,-0.004193,-0.021858,-0.000994
1771002443.970718,10.295597,2.073414,3.372429,-4.785152,0.000203,-0.016481,0.008395
1771002443.975061,10.299940,2.190600,3.299849,-4.871282,0.001421,-0.016267,0.007667
1771002443.980034,10.304913,1.571043,3.161428,-4.898541,0.004580,-0.027583,0.009072
1771002443.985018,10.309896,0.880597,4.996857,-5.482048,-0.012917,-0.031787,0.001458
1771002443.990064,10.314943,0.796687,5.264491,-5.669488,-0.018710,-0.040385,0.001848
1771002443.994982,10.319861,0.830927,5.141304,-5.691170,-0.017085,-0.039934,0.000623
1771002444.000534,10.325413,0.901730,5.023898,-5.739830,-0.014394,-0.039647,-0.000628
1771002444.004933,10.329812,1.007812,4.987739,-5.836868,-0.012843,-0.039799,-0.002488
1771002444.010536,10.335415,1.162708,4.611089,-5.667962,-0.009926,-0.038572,-0.005203
1771002444.014911,10.339790,1.264335,4.491536,-5.737808,-0.007218,-0.038308,-0.006314
1771002444.019898,10.344777,1.331903,4.315034,-5.718966,-0.004415,-0.038567,-0.008422
1771002444.024872,10.349751,1.353335,4.111775,-5.644039,-0.001188,-0.039352,-0.010635
1771002444.029853,10.354732,1.595507,3.879311,-5.992033,0.001064,-0.042700,0.001668
1771002444.034837,10.359716,1.280544,4.374276,-6.354182,-0.002979,-0.048681,0.000914
1771002444.039813,10.364692,1.323052,4.383400,-6.183200,-0.014393,-0.054745,-0.001286
1771002444.045377,10.370256,1.363839,4.257675,-6.137173,-0.012287,-0.055229,-0.004375
1771002444.049792,10.374671,2.309333,4.135067,-6.654629,-0.005128,-0.061235,-0.002770
1771002444.054770,10.379649,2.326952,3.839764,-6.809579,-0.003679,-0.060626,-0.004748
1771002444.060337,10.385216,2.378185,3.492724,-6.886803,-0.001716,-0.059385,-0.006732
1771002444.064737,10.389616,1.708115,3.536716,-6.913935,-0.001950,-0.068924,-0.005229
1771002444.069771,10.394650,1.459109,2.012515,-5.775551,-0.005360,-0.072240,-0.019153
1771002444.075219,10.400097,2.504800,4.499531,-6.990853,-0.005600,-0.062199,-0.002678
1771002444.079672,10.404551,2.219663,2.762922,-6.005452,-0.008646,-0.064828,-0.019532
1771002444.084657,10.409535,2.041582,3.323226,-6.343989,-0.011672,-0.071223,-0.019547
1771002444.090177,10.415056,2.041843,2.830426,-6.456334,-0.009133,-0.070935,-0.022587
1771002444.094618,10.419497,1.245241,3.468201,-6.757571,-0.015766,-0.090169,-0.021211
1771002444.099582,10.424461,1.378120,2.904688,-7.026712,-0.013568,-0.088230,-0.024718
1771002444.104584,10.429462,1.414373,2.601146,-7.190025,-0.011258,-0.087499,-0.027009
1771002444.109562,10.434441,1.995135,2.374373,-7.254392,0.001112,-0.087256,-0.019893
1771002444.114553,10.439432,2.114980,5.462370,-8.680289,-0.006935,-0.090931,-0.009684
1771002444.119581,10.444459,1.480126,5.080715,-8.659621,-0.005457,-0.099916,-0.010127
1771002444.124507,10.449386,1.310365,5.465382,-9.175196,-0.006906,-0.107974,-0.011382
1771002444.130095,10.454974,2.062059,6.477707,-9.292887,-0.008213,-0.115938,-0.017398
1771002444.134476,10.459355,2.195116,6.031266,-9.391201,-0.006205,-0.113234,-0.019435
1771002444.139450,10.464329,1.497101,5.568274,-9.262814,-0.003359,-0.122596,-0.021202
1771002444.144433,10.469311,1.586105,5.206310,-9.280625,-0.013776,-0.126729,-0.023967
1771002444.149421,10.474300,2.617347,4.535011,-9.317905,-0.010523,-0.114454,-0.016517
1771002444.154405,10.479284,2.710481,3.920902,-9.293186,-0.008184,-0.112553,-0.020374
1771002444.159387,10.484266,1.396245,7.181443,-10.266689,-0.018147,-0.131379,0.002383
1771002444.164351,10.489229,1.384372,6.627818,-10.178686,-0.015528,-0.129659,-0.001534
1771002444.169345,10.494224,1.309583,6.638042,-10.345635,-0.020447,-0.136616,-0.004512
1771002444.174328,10.499207,2.268010,5.856928,-10.113968,-0.016158,-0.124964,0.002343
1771002444.179299,10.504178,2.419685,4.893116,-9.380092,-0.000123,-0.141907,-0.011851
1771002444.184370,10.509248,2.479931,4.669193,-9.336149,-0.009872,-0.144847,-0.013797
1771002444.189270,10.514149,1.930994,7.184363,-10.898787,-0.022045,-0.158915,-0.002329
1771002444.194253,10.519132,1.895270,6.576057,-10.645336,-0.018217,-0.157083,-0.006919
1771002444.199237,10.524116,1.744407,5.843733,-10.104270,-0.013665,-0.154629,-0.013145
1771002444.204213,10.529092,2.629308,4.743591,-10.076120,0.000588,-0.149969,-0.015806
1771002444.209196,10.534075,1.985284,5.484005,-10.056786,0.003732,-0.169816,0.001500
1771002444.214178,10.539057,2.838487,6.720680,-9.937525,-0.002979,-0.163610,-0.012690
1771002444.219165,10.544044,3.313843,5.669425,-9.441392,-0.004614,-0.141678,-0.014565
1771002444.224146,10.549025,2.999802,6.015529,-9.798201,0.001616,-0.160333,-0.017353
1771002444.229124,10.554003,2.767327,6.484859,-10.431702,-0.001796,-0.167555,-0.016914
1771002444.234103,10.558982,2.583622,5.954120,-10.050603,0.000536,-0.165061,-0.021047
1771002444.239091,10.563970,3.286350,5.337137,-10.338022,0.013003,-0.163920,-0.022729
1771002444.244066,10.568944,2.617977,5.251006,-10.491926,0.013193,-0.172432,-0.021758
1771002444.249113,10.573992,2.576636,4.962941,-10.381052,0.014485,-0.171723,-0.024047
1771002444.254033,10.578912,2.689631,8.449990,-12.574441,-0.013810,-0.183469,-0.010289
1771002444.259017,10.583895,2.682214,8.546585,-12.596215,-0.014468,-0.183805,-0.011110
1771002444.263996,10.588875,2.675080,8.287724,-12.518995,-0.013697,-0.183371,-0.011948
1771002444.268984,10.593863,2.692486,8.333207,-12.717126,-0.013543,-0.184698,-0.012114
1771002444.273959,10.598837,2.558909,6.826288,-11.022861,-0.014197,-0.184802,-0.027363
1771002444.278941,10.603820,2.779752,8.104259,-12.592711,-0.013973,-0.183685,-0.012885
1771002444.283929,10.608807,2.629232,6.922852,-11.066772,-0.016070,-0.184330,-0.026627
1771002444.288917,10.613796,2.794852,8.148118,-12.651620,-0.015760,-0.184182,-0.012459
1771002444.293887,10.618765,2.833302,8.103550,-12.679454,-0.015660,-0.184064,-0.012475
1771002444.298877,10.623756,2.693132,6.865387,-11.167745,-0.016800,-0.184396,-0.025966
1771002444.303861,10.628740,2.707838,6.914680,-11.191120,-0.017414,-0.183996,-0.025109
1771002444.308839,10.633718,2.679785,6.695759,-11.009283,-0.016318,-0.183160,-0.026175
1771002444.313809,10.638688,2.646413,6.681242,-10.960659,-0.016643,-0.182725,-0.026450
1771002444.318861,10.643739,2.648170,6.595369,-10.887239,-0.016049,-0.181981,-0.027140
1771002444.323767,10.648646,2.691249,6.422072,-10.914324,-0.014789,-0.181123,-0.027331
1771002444.328764,10.653643,2.699285,6.386436,-10.801889,-0.014848,-0.180382,-0.027663
1771002444.333836,10.658715,2.702083,6.226436,-10.701941,-0.014412,-0.180218,-0.028624
1771002444.338736,10.663614,2.778307,6.188902,-10.790818,-0.013269,-0.179537,-0.027728
1771002444.343712,10.668591,2.741916,6.070759,-10.668026,-0.012670,-0.179231,-0.029428
1771002444.348687,10.673565,2.754656,5.950140,-10.596624,-0.012251,-0.178845,-0.029325
1771002444.353660,10.678539,2.783685,5.930686,-10.534511,-0.012563,-0.178608,-0.029457
1771002444.358654,10.683532,2.801680,5.860379,-10.470377,-0.012163,-0.178369,-0.029070
1771002444.363660,10.688539,2.828691,5.873856,-10.575384,-0.011981,-0.178611,-0.029130
1771002444.368610,10.693489,2.852294,5.673029,-10.370356,-0.011667,-0.177716,-0.030512
1771002444.373606,10.698485,2.846210,5.585893,-10.290092,-0.010933,-0.177647,-0.030442
1771002444.378564,10.703443,2.922195,5.593435,-10.256474,-0.010926,-0.177018,-0.030191
1771002444.383552,10.708430,2.311411,5.761053,-10.600280,-0.012563,-0.188316,-0.027048
1771002444.388546,10.713424,2.332849,5.807434,-10.625921,-0.012680,-0.188108,-0.026851
1771002444.393527,10.718405,2.342893,5.788444,-10.678871,-0.012295,-0.187964,-0.027510
1771002444.398544,10.723423,3.112111,5.664656,-10.677704,-0.011036,-0.180675,-0.017045
1771002444.403980,10.728858,3.078137,5.633054,-10.583073,-0.010934,-0.180649,-0.017794
1771002444.408503,10.733381,3.055924,5.557749,-10.444557,-0.010570,-0.179861,-0.018077
1771002444.413440,10.738318,3.027142,5.436363,-10.417038,-0.009386,-0.179434,-0.018228
1771002444.418440,10.743318,2.996413,5.395721,-10.394434,-0.008900,-0.179234,-0.019444
1771002444.423416,10.748295,2.972187,5.299316,-10.331417,-0.008286,-0.178837,-0.019459
1771002444.428402,10.753281,2.900927,5.248183,-10.351494,-0.007937,-0.178676,-0.020049
1771002444.433377,10.758256,2.681134,4.989799,-9.947990,-0.005467,-0.175638,-0.035219
1771002444.438365,10.763244,2.726621,6.514019,-9.931952,-0.015550,-0.179234,-0.027365
1771002444.443345,10.768223,3.553275,6.360764,-10.325155,-0.005796,-0.178232,-0.026120
1771002444.448361,10.773239,3.911563,5.947308,-9.931370,-0.003158,-0.168386,-0.030350
1771002444.453308,10.778187,3.860403,6.455588,-10.279255,-0.010472,-0.177865,-0.030366
1771002444.458287,10.783166,3.385950,6.816668,-10.674266,-0.012587,-0.187718,-0.025368
1771002444.463266,10.788145,3.403022,6.769140,-10.648444,-0.013346,-0.187467,-0.025664
1771002444.468254,10.793132,3.882477,6.474872,-10.296602,-0.010502,-0.178134,-0.029699
1771002444.473232,10.798111,3.402798,6.725968,-10.663626,-0.012353,-0.187679,-0.026529
1771002444.478222,10.803101,3.434716,6.768680,-10.706911,-0.012176,-0.187312,-0.025784
1771002444.483194,10.808073,3.433423,6.697887,-10.749926,-0.011404,-0.187529,-0.025420
1771002444.488180,10.813059,3.414126,6.654226,-10.610526,-0.011520,-0.187172,-0.026280
1771002444.493164,10.818043,3.425257,6.565887,-10.605759,-0.010901,-0.187193,-0.026296
1771002444.498142,10.823021,3.466711,6.602767,-10.552315,-0.011046,-0.186516,-0.026850
1771002444.503116,10.827995,3.082175,6.776211,-10.665119,0.000735,-0.198401,-0.028658
1771002444.508112,10.832991,3.073596,6.538847,-10.503178,0.002254,-0.198027,-0.029793
1771002444.513084,10.837962,3.059751,6.550386,-10.423927,0.001874,-0.197746,-0.029554
1771002444.518069,10.842948,3.053689,6.534682,-10.418021,0.002230,-0.197674,-0.030124
1771002444.523644,10.848523,3.122438,6.633265,-10.461870,0.000894,-0.197338,-0.029038
1771002444.528036,10.852915,3.485327,6.334175,-10.471004,-0.009991,-0.186223,-0.028289
1771002444.533012,10.857891,3.505820,6.363521,-10.497044,-0.010146,-0.186418,-0.027424
1771002444.538625,10.863504,3.553218,6.392275,-10.532127,-0.010838,-0.186309,-0.027058
1771002444.543042,10.867921,3.579378,6.278195,-10.426220,-0.010339,-0.185731,-0.026780
1771002444.547960,10.872839,3.553100,6.426078,-10.464716,-0.011768,-0.186250,-0.026941
1771002444.553510,10.878389,3.592228,6.396358,-10.532811,-0.011631,-0.186126,-0.026407
1771002444.557930,10.882809,3.570811,6.487101,-10.559521,-0.011734,-0.186099,-0.025656
1771002444.562914,10.887793,3.618618,5.921388,-10.186398,-0.003709,-0.176777,-0.027596
1771002444.568133,10.893011,3.572725,6.636142,-10.808897,-0.012754,-0.186351,-0.024878
1771002444.572880,10.897758,2.660513,6.951087,-10.489067,-0.023888,-0.188642,-0.026815
1771002444.578439,10.903317,2.690536,7.212785,-10.787926,-0.025698,-0.189326,-0.026539
1771002444.582821,10.907700,2.672623,7.329218,-11.016840,-0.025706,-0.190516,-0.025930
1771002444.587801,10.912680,2.650871,7.527551,-11.088073,-0.027497,-0.191765,-0.026496
1771002444.593357,10.918235,2.727728,7.267278,-11.104150,-0.025770,-0.191022,-0.024679
1771002444.597789,10.922667,2.711256,7.539927,-11.231504,-0.027623,-0.192179,-0.024589
1771002444.602777,10.927656,2.811986,7.077447,-10.877295,-0.020755,-0.182672,-0.025209
1771002444.607750,10.932629,2.681622,7.732662,-11.351062,-0.029074,-0.193368,-0.023860
1771002444.612728,10.937607,2.691109,7.987455,-11.553385,-0.029762,-0.194477,-0.022183
1771002444.617711,10.942590,2.862197,7.596055,-11.213757,-0.023104,-0.184243,-0.022081
1771002444.622688,10.947567,2.904026,7.600444,-11.293377,-0.022548,-0.184570,-0.021230
1771002444.627670,10.952549,2.920821,7.739230,-11.353052,-0.023002,-0.184684,-0.019821
1771002444.632658,10.957537,2.115921,7.983587,-11.529527,-0.025583,-0.193910,-0.030981
1771002444.637640,10.962519,2.129132,8.181737,-11.710806,-0.026348,-0.194451,-0.029517
1771002444.642622,10.967501,2.122765,8.240511,-11.779942,-0.026391,-0.195042,-0.029479
1771002444.647599,10.972477,2.136310,8.390834,-11.890863,-0.027687,-0.195799,-0.028241
1771002444.652582,10.977461,2.421156,9.607332,-13.517757,-0.022895,-0.195023,-0.012094
1771002444.657560,10.982438,2.186170,8.668796,-12.198296,-0.028933,-0.197100,-0.025791
1771002444.662555,10.987434,2.408723,9.876927,-13.560162,-0.025888,-0.196362,-0.010545
1771002444.667540,10.992419,2.331041,7.072010,-12.110926,-0.014745,-0.191122,-0.023147
1771002444.672519,10.997398,1.751417,7.219836,-11.900208,-0.038516,-0.183765,-0.023939
1771002444.677498,11.002377,1.863782,7.124076,-11.835294,-0.024672,-0.178117,-0.020685
1771002444.682494,11.007373,2.720446,5.383432,-11.748703,-0.016837,-0.164835,-0.017366
1771002444.687453,11.012332,2.773534,5.727715,-11.912357,-0.020220,-0.165459,-0.014760
1771002444.692435,11.017314,2.783893,6.051947,-12.127161,-0.021328,-0.166610,-0.013565
1771002444.697417,11.022296,2.737752,6.366167,-12.188471,-0.022470,-0.168119,-0.010114
1771002444.702421,11.027300,2.952569,5.912079,-11.620399,-0.017288,-0.160285,-0.010393
1771002444.707386,11.032265,3.842630,5.790718,-12.142167,-0.017399,-0.154267,-0.018390
1771002444.712987,11.037866,3.052404,6.373479,-11.882078,-0.027790,-0.157459,-0.018488
1771002444.717349,11.042228,2.259179,6.332504,-11.630234,-0.022803,-0.158214,-0.028933
1771002444.722317,11.047195,2.253493,6.791735,-11.781467,-0.025173,-0.159856,-0.026004
1771002444.727932,11.052811,2.299054,7.507657,-12.104952,-0.027979,-0.160980,-0.021594
1771002444.732300,11.057178,2.260480,4.699210,-10.352198,-0.015701,-0.155681,-0.030260
1771002444.737262,11.062141,3.341709,4.634573,-10.391843,-0.029535,-0.135183,-0.027439
1771002444.742846,11.067724,3.302593,5.208859,-10.422415,-0.032727,-0.137742,-0.024211
1771002444.747283,11.072162,2.437179,5.792669,-10.375467,-0.036850,-0.146840,-0.031400
1771002444.752803,11.077681,1.605228,4.868745,-10.428347,-0.041688,-0.148480,-0.025220
1771002444.757203,11.082082,2.053910,4.889203,-9.840055,-0.026844,-0.135376,-0.025559
1771002444.762210,11.087089,2.097917,4.997289,-9.765285,-0.022460,-0.127428,-0.022868
1771002444.767811,11.092690,1.981903,5.480027,-9.744226,-0.024745,-0.129716,-0.020004
1771002444.772132,11.097011,1.885696,6.117456,-9.910749,-0.026966,-0.132132,-0.016530
1771002444.777128,11.102007,1.790982,7.436273,-11.495220,-0.026241,-0.132317,-0.015473
1771002444.782116,11.106995,1.417649,5.059389,-9.665923,-0.016098,-0.129635,-0.025335
1771002444.787089,11.111968,1.590622,5.290686,-9.406319,-0.015343,-0.122856,-0.021227
1771002444.792069,11.116948,1.458359,5.652176,-9.322157,-0.005311,-0.119438,-0.018086
1771002444.797053,11.121932,2.246345,5.867081,-9.175104,-0.002280,-0.101468,-0.016686
1771002444.802039,11.126918,2.170787,6.472780,-9.075743,-0.005105,-0.104199,-0.012205
1771002444.807021,11.131900,0.727179,5.605133,-9.035232,-0.024082,-0.105339,-0.014497
1771002444.812001,11.136879,1.563968,5.282030,-8.374759,-0.022573,-0.087505,-0.014847
1771002444.816984,11.141863,1.220447,2.727936,-6.781058,-0.014931,-0.086699,-0.020734
1771002444.821967,11.146845,0.913129,2.810182,-6.356201,-0.011768,-0.079786,-0.031675
1771002444.826945,11.151824,0.850818,3.839131,-6.020974,-0.019039,-0.082005,-0.024953
1771002444.831917,11.156795,1.090001,3.867253,-5.463246,-0.018253,-0.076073,-0.020725
1771002444.836920,11.161798,2.355736,3.493818,-6.383671,-0.000332,-0.050326,-0.000871
1771002444.842294,11.167173,0.191678,4.608215,-6.278001,-0.013373,-0.065576,-0.010854
1771002444.846865,11.171744,0.071283,4.632409,-5.897009,-0.006278,-0.055668,-0.005857
1771002444.851861,11.176740,1.219053,4.043394,-5.500415,-0.004772,-0.037277,-0.009541
1771002444.856821,11.181699,1.082300,4.316896,-5.400804,-0.010774,-0.036149,-0.005780
1771002444.861859,11.186738,0.931333,4.456048,-5.243316,-0.015470,-0.035616,-0.002507
1771002444.867153,11.192032,0.843348,4.749450,-5.191024,-0.019062,-0.034385,0.000812
1771002444.872137,11.197016,0.005596,4.789279,-4.735608,-0.012557,-0.034771,-0.008752
1771002444.876835,11.201713,1.235613,2.893444,-4.090554,0.002026,-0.020754,-0.003881
1771002444.881724,11.206603,1.163142,3.207728,-4.063453,-0.004678,-0.018405,0.000064
1771002444.886725,11.211604,0.980817,3.768079,-3.836441,-0.012550,-0.015253,0.001575
1771002444.891693,11.216572,0.866622,3.824619,-3.616210,-0.016169,-0.016088,0.004409
1771002444.896697,11.221575,1.930547,3.697914,-3.711168,-0.008570,0.001574,0.003045
1771002444.901685,11.226564,0.053726,4.303609,-3.306062,-0.029417,-0.002654,-0.004616
1771002444.906660,11.231539,0.290205,0.708261,-1.823749,-0.008486,-0.014286,-0.014256
1771002444.911638,11.236516,0.285341,1.132666,-1.421865,-0.011585,-0.015707,-0.011866
1771002444.916613,11.241492,0.396446,1.682470,-1.243796,-0.016672,-0.013705,-0.007681
1771002444.921599,11.246478,0.340101,1.887364,-1.156172,-0.021026,-0.011327,-0.004816
1771002444.926571,11.251450,0.405814,-0.394305,-1.342029,-0.001546,-0.001675,-0.009715
1771002444.932183,11.257061,0.564959,-0.770511,-1.284865,0.004252,0.000115,-0.006035
1771002444.936553,11.261432,0.456047,-0.480255,-0.876991,0.001829,-0.002136,-0.003613
1771002444.941527,11.266406,0.511724,-0.164241,-0.517099,-0.001909,-0.002529,-0.002344
1771002444.946527,11.271405,0.454527,-0.116923,-0.410534,-0.002270,-0.003200,-0.001865
1771002444.951518,11.276397,0.470568,-0.142074,-0.444751,-0.002073,-0.002492,-0.002151
1771002444.957079,11.281957,0.130545,-0.375442,-0.731192,0.000563,-0.001787,-0.004939
1771002444.961460,11.286339,0.180702,-0.370119,-0.730534,0.000924,-0.001999,-0.004801
1771002444.966454,11.291333,0.254470,-0.225816,-0.664541,-0.000676,-0.001326,-0.004276
1771002444.971483,11.296362,0.246631,-0.220250,-0.611227,-0.000529,-0.000789,-0.003612
1771002444.976986,11.301865,0.194286,-0.286232,-0.670844,-0.000031,-0.001242,-0.004290
1771002444.981382,11.306260,0.193362,-0.151319,-0.568099,-0.001665,-0.001342,-0.004352
1771002444.986364,11.311243,0.212272,-0.110890,-0.571558,-0.001780,-0.000900,-0.003711
1771002444.991931,11.316810,0.197064,-0.314532,-0.691588,0.000419,-0.001015,-0.004335
1771002444.996330,11.321209,0.192486,-0.230064,-0.591540,-0.000852,-0.001608,-0.004253
1771002445.001326,11.326205,0.192241,-0.245852,-0.630028,-0.000133,-0.000588,-0.003774
1771002445.006877,11.331756,0.199116,-0.259932,-0.590322,-0.000632,-0.001798,-0.003862
1771002445.011268,11.336147,0.154642,-0.316263,-0.640996,0.000150,-0.001942,-0.004175
1771002445.016848,11.341727,0.187006,-0.171937,-0.580181,-0.001147,-0.001279,-0.003900
1771002445.021247,11.346125,0.187528,-0.264356,-0.589194,-0.000284,-0.001497,-0.004008
1771002445.026219,11.351097,0.203729,-0.191167,-0.512186,-0.001344,-0.001991,-0.003987
1771002445.031205,11.356083,0.245046,-0.123454,-0.537489,-0.001726,-0.001283,-0.003545
1771002445.036184,11.361063,0.201579,-0.172127,-0.572991,-0.001284,-0.001345,-0.003789
1771002445.041162,11.366041,0.209272,-0.169140,-0.522748,-0.001485,-0.001697,-0.003974
1771002445.046143,11.371021,0.216342,-0.114164,-0.481636,-0.001622,-0.001337,-0.003656
1771002445.051123,11.376002,0.195861,-0.143328,-0.568090,-0.001882,-0.001904,-0.004133
1771002445.056108,11.380987,0.224283,-0.155252,-0.570167,-0.001555,-0.001581,-0.003722
1771002445.061089,11.385968,0.219065,-0.222227,-0.582429,-0.000515,-0.001432,-0.003500
1771002445.066078,11.390957,0.213178,-0.114634,-0.535161,-0.001748,-0.001322,-0.003561
1771002445.072175,11.397054,0.192171,-0.149099,-0.496474,-0.001615,-0.001496,-0.003384
1771002445.076043,11.400922,0.204063,-0.233879,-0.547199,-0.000443,-0.001699,-0.003673
1771002445.081017,11.405896,0.175159,-0.154596,-0.491476,-0.001637,-0.001825,-0.003586
1771002445.086325,11.411203,0.277901,-0.098805,-0.486768,-0.001568,-0.001178,-0.002875
1771002445.091031,11.415910,0.238961,-0.115821,-0.513296,-0.001484,-0.001904,-0.003591
1771002445.095979,11.420858,0.156750,-0.195761,-0.504553,-0.001186,-0.002220,-0.003797
1771002445.101558,11.426437,0.208718,-0.181815,-0.533457,-0.001191,-0.001699,-0.003429
1771002445.105923,11.430801,0.217343,-0.116814,-0.476691,-0.001783,-0.001462,-0.003529
1771002445.110898,11.435776,0.170190,-0.200026,-0.494740,-0.000900,-0.002022,-0.003494
1771002445.115874,11.440753,0.193842,-0.165899,-0.492400,-0.001470,-0.002087,-0.003696
1771002445.120865,11.445744,0.161852,-0.209318,-0.539715,-0.000998,-0.002225,-0.003810
1771002445.125853,11.450731,0.216096,-0.145946,-0.450731,-0.001711,-0.002090,-0.003469
1771002445.130831,11.455710,0.200187,-0.097531,-0.470271,-0.001858,-0.001534,-0.003419
1771002445.135798,11.460676,0.214550,-0.133090,-0.468302,-0.001366,-0.001389,-0.003131
1771002445.140818,11.465696,0.182298,-0.090983,-0.476023,-0.001759,-0.001799,-0.003704
1771002445.146401,11.471280,0.167128,-0.071071,-0.436827,-0.002336,-0.001484,-0.003828
1771002445.150747,11.475625,0.227761,-0.111957,-0.466168,-0.001567,-0.001477,-0.003043
1771002445.155728,11.480607,0.196541,-0.084063,-0.407182,-0.001942,-0.001885,-0.003441
1771002445.160710,11.485589,0.203092,-0.078919,-0.481905,-0.001687,-0.001367,-0.003553
1771002445.165814,11.490693,0.241544,-0.040646,-0.454954,-0.002244,-0.001296,-0.003076
1771002445.170679,11.495558,0.207253,-0.061487,-0.405021,-0.001961,-0.001587,-0.003410
1771002445.175658,11.500536,0.262750,-0.121642,-0.493589,-0.001888,-0.001750,-0.003065
1771002445.180639,11.505517,0.190649,-0.103051,-0.435009,-0.002224,-0.001739,-0.003445
1771002445.185628,11.510507,0.212707,0.009648,-0.374408,-0.002816,-0.002212,-0.003178
1771002445.190687,11.515566,0.226378,-0.074164,-0.436442,-0.002040,-0.001350,-0.003055
1771002445.195616,11.520494,0.141748,-0.096803,-0.379811,-0.002013,-0.001993,-0.003128
1771002445.200629,11.525507,0.210360,-0.039796,-0.409850,-0.002191,-0.002041,-0.003731
1771002445.205552,11.530431,0.234832,0.060445,-0.372208,-0.003134,-0.001682,-0.003417
1771002445.210581,11.535460,0.191347,-0.043686,-0.345506,-0.002401,-0.002090,-0.003545
1771002445.216221,11.541099,0.192220,-0.044615,-0.362525,-0.002190,-0.001683,-0.002936
1771002445.220517,11.545395,0.177788,-0.165621,-0.449870,-0.001990,-0.002690,-0.003358
1771002445.225462,11.550341,0.241246,-0.050696,-0.378233,-0.002314,-0.001682,-0.002769
1771002445.230446,11.555324,0.176211,-0.125854,-0.421954,-0.001816,-0.002007,-0.003154
1771002445.235443,11.560322,0.238649,-0.126371,-0.514704,-0.001397,-0.001236,-0.002949
1771002445.240531,11.565409,0.190746,-0.152554,-0.440472,-0.001354,-0.001943,-0.003201
1771002445.245412,11.570290,0.195989,-0.119126,-0.374969,-0.001536,-0.001756,-0.002939
1771002445.250383,11.575262,0.186212,-0.086901,-0.386496,-0.002041,-0.001712,-0.003099
1771002445.255385,11.580264,0.221861,-0.033253,-0.399951,-0.002253,-0.001399,-0.002699
1771002445.260356,11.585235,0.211565,-0.101347,-0.390611,-0.001935,-0.001905,-0.003082
1771002445.265405,11.590284,0.245766,-0.049878,-0.348246,-0.002321,-0.001986,-0.002859
1771002445.270314,11.595193,0.278294,-0.045217,-0.453078,-0.002336,-0.001516,-0.002880
1771002445.275290,11.600168,0.219002,-0.118352,-0.479435,-0.001499,-0.001588,-0.003132
1771002445.280326,11.605204,0.225221,-0.082217,-0.437235,-0.002069,-0.002068,-0.002857
1771002445.285267,11.610146,0.190969,-0.039475,-0.393821,-0.002550,-0.001759,-0.003581
1771002445.290242,11.615120,0.209074,0.021760,-0.360077,-0.003054,-0.002307,-0.003388
1771002445.295216,11.620095,0.202990,-0.064467,-0.405916,-0.002026,-0.002365,-0.003281
1771002445.300193,11.625072,0.219791,-0.020914,-0.380764,-0.002665,-0.001898,-0.003517
1771002445.305188,11.630067,0.233236,-0.084629,-0.444943,-0.002116,-0.002053,-0.003359
1771002445.310165,11.635044,0.245977,-0.071515,-0.412632,-0.001862,-0.001622,-0.002538
1771002445.315149,11.640028,0.228775,-0.063106,-0.391697,-0.001986,-0.001789,-0.003076
1771002445.320138,11.645017,0.199045,-0.041001,-0.372761,-0.002534,-0.002392,-0.003077
1771002445.325114,11.649993,0.210995,0.021221,-0.406001,-0.002655,-0.001945,-0.003075
1771002445.330095,11.654974,0.244192,-0.097206,-0.472824,-0.001875,-0.001849,-0.002791
1771002445.335075,11.659954,0.212339,-0.119318,-0.447472,-0.001575,-0.001834,-0.003073
1771002445.340058,11.664937,0.241475,-0.043235,-0.462763,-0.001979,-0.001565,-0.002513
1771002445.345034,11.669913,0.226592,-0.023084,-0.402037,-0.002405,-0.001824,-0.002758
1771002445.350019,11.674897,0.216291,0.100755,-0.330185,-0.003248,-0.002050,-0.003237
1771002445.355012,11.679891,0.258820,-0.005265,-0.432325,-0.002601,-0.001800,-0.002675
1771002445.359997,11.684876,0.212473,-0.049462,-0.411869,-0.002336,-0.002117,-0.003114
1771002445.364975,11.689854,0.217576,-0.033786,-0.398306,-0.002459,-0.001554,-0.002782
1771002445.369959,11.694837,0.208381,-0.021024,-0.402601,-0.002645,-0.002320,-0.003020
1771002445.374927,11.699806,0.250551,-0.043757,-0.450735,-0.002070,-0.001414,-0.002702
1771002445.379910,11.704789,0.247992,-0.017091,-0.476046,-0.002764,-0.001389,-0.002826
1771002445.384915,11.709794,0.230731,0.042875,-0.406290,-0.002966,-0.001792,-0.003430
1771002445.389881,11.714759,0.221988,-0.042823,-0.434634,-0.001815,-0.001794,-0.002708
1771002445.394861,11.719739,0.195498,-0.008737,-0.437254,-0.002627,-0.001646,-0.002923
1771002445.399856,11.724735,0.208040,0.020118,-0.376213,-0.002610,-0.001632,-0.002916
1771002445.404821,11.729700,0.195675,-0.065293,-0.418434,-0.002364,-0.002144,-0.003038
1771002445.409802,11.734680,0.218860,-0.027730,-0.354008,-0.002772,-0.002146,-0.003017
1771002445.414799,11.739677,0.225284,-0.104004,-0.459743,-0.001634,-0.001903,-0.002958
1771002445.419776,11.744655,0.188442,-0.077586,-0.455072,-0.001961,-0.001738,-0.003128
1771002445.424761,11.749639,0.219580,0.010961,-0.399068,-0.002549,-0.001617,-0.002969
1771002445.429740,11.754619,0.169038,-0.166141,-0.452873,-0.001458,-0.002458,-0.003337
1771002445.434728,11.759606,0.205730,0.052296,-0.344135,-0.002913,-0.001795,-0.002840
1771002445.439699,11.764578,0.250685,-0.125983,-0.471958,-0.001740,-0.001868,-0.002602
1771002445.444673,11.769552,0.232110,0.107889,-0.359641,-0.003454,-0.001460,-0.002929
1771002445.449666,11.774545,0.194921,-0.093937,-0.464134,-0.001549,-0.001683,-0.002744
1771002445.454662,11.779541,0.212486,-0.090785,-0.417974,-0.001982,-0.001795,-0.002735
1771002445.459624,11.784502,0.258649,0.018390,-0.411541,-0.003157,-0.001617,-0.002881
1771002445.464607,11.789486,0.214506,0.023345,-0.352623,-0.002731,-0.001543,-0.002825
1771002445.469591,11.794470,0.215700,-0.005744,-0.375196,-0.002486,-0.001725,-0.003190
1771002445.474573,11.799452,0.274813,0.020958,-0.412613,-0.002792,-0.001774,-0.002509
1771002445.479544,11.804423,0.234246,0.064606,-0.359708,-0.003216,-0.001662,-0.003122
1771002445.484540,11.809419,0.199358,-0.036490,-0.360614,-0.002667,-0.001962,-0.002672
1771002445.489532,11.814410,0.237682,-0.067493,-0.413453,-0.002056,-0.002083,-0.002608
1771002445.494525,11.819403,0.209085,-0.034315,-0.347252,-0.002553,-0.001957,-0.002672
1771002445.499544,11.824423,0.202006,-0.109142,-0.439806,-0.001570,-0.002300,-0.002814
1771002445.504465,11.829344,0.234205,-0.060514,-0.370994,-0.002398,-0.001561,-0.002360
1771002445.509439,11.834317,0.170923,0.045503,-0.324114,-0.003080,-0.002200,-0.002973
1771002445.514419,11.839298,0.244043,-0.080763,-0.398507,-0.001780,-0.001841,-0.002501
1771002445.519415,11.844294,0.269047,-0.085277,-0.407392,-0.001791,-0.002057,-0.002048
1771002445.524384,11.849262,0.157414,-0.141334,-0.402413,-0.001674,-0.002189,-0.002813
1771002445.529367,11.854246,0.205586,-0.110689,-0.390255,-0.002023,-0.002067,-0.002617
1771002445.534353,11.859232,0.212651,-0.028427,-0.383225,-0.002498,-0.001927,-0.002570
1771002445.539330,11.864209,0.196673,-0.007989,-0.361255,-0.002623,-0.002084,-0.003029
1771002445.544366,11.869244,0.210118,-0.013379,-0.354489,-0.002629,-0.002001,-0.002839
1771002445.549299,11.874178,0.211424,-0.040755,-0.342642,-0.002666,-0.002092,-0.002753
1771002445.554286,11.879165,0.188485,-0.009778,-0.335561,-0.002577,-0.001899,-0.002864
1771002445.559255,11.884134,0.218893,0.032718,-0.309554,-0.002730,-0.001618,-0.002634
1771002445.564233,11.889112,0.189733,-0.118275,-0.384019,-0.001550,-0.001855,-0.002983
1771002445.569233,11.894112,0.178390,-0.006539,-0.330134,-0.002727,-0.002076,-0.003023
1771002445.574202,11.899080,0.214767,-0.113723,-0.382243,-0.001513,-0.002315,-0.002512
1771002445.579180,11.904058,0.156500,-0.017986,-0.362938,-0.002790,-0.002081,-0.002967
1771002445.584176,11.909055,0.217068,-0.079005,-0.414197,-0.002034,-0.001574,-0.002548
1771002445.589148,11.914027,0.291726,0.015309,-0.505455,-0.003267,-0.001293,-0.003332
1771002445.594131,11.919009,0.232228,0.002373,-0.343534,-0.002975,-0.001668,-0.002492
1771002445.599207,11.924086,0.187718,-0.140235,-0.451355,-0.001997,-0.002434,-0.003366
1771002445.604102,11.928981,0.205358,-0.022125,-0.338906,-0.002551,-0.001806,-0.002774
1771002445.609083,11.933961,0.241170,-0.033309,-0.320179,-0.002635,-0.001602,-0.002597
1771002445.614063,11.938942,0.206666,-0.056651,-0.375133,-0.002503,-0.002000,-0.002760
1771002445.619033,11.943912,0.207636,0.162208,-0.283145,-0.003811,-0.001746,-0.003162
1771002445.624028,11.948907,0.212750,-0.031089,-0.341498,-0.002635,-0.001955,-0.002391
1771002445.629012,11.953891,0.240544,0.024537,-0.373960,-0.002895,-0.001524,-0.002523
1771002445.633992,11.958871,0.343840,-0.151517,-0.510817,-0.000533,-0.001914,-0.002026
1771002445.638975,11.963854,0.178558,-0.067979,-0.407330,-0.002481,-0.002409,-0.003165
1771002445.643950,11.968828,0.214395,0.031056,-0.319692,-0.003185,-0.002109,-0.002886
1771002445.648933,11.973811,0.255581,-0.007631,-0.301386,-0.002311,-0.001916,-0.002362
1771002445.653918,11.978797,0.218797,-0.023005,-0.386277,-0.002469,-0.002386,-0.002379
1771002445.658903,11.983782,0.185330,0.011394,-0.309657,-0.003154,-0.001927,-0.002935
1771002445.663876,11.988755,0.188598,-0.046962,-0.377360,-0.002065,-0.001932,-0.002954
1771002445.668865,11.993743,0.215257,0.024572,-0.309216,-0.002395,-0.001881,-0.002688
1771002445.673840,11.998719,0.189378,-0.006346,-0.359961,-0.002541,-0.002225,-0.002631
1771002445.678822,12.003700,0.189786,-0.020896,-0.358027,-0.002279,-0.001839,-0.002759
1771002445.683808,12.008687,0.223172,0.019680,-0.316636,-0.002642,-0.001837,-0.002334
1771002445.688789,12.013668,0.213400,-0.015560,-0.382970,-0.002730,-0.001828,-0.002500
1771002445.693776,12.018655,0.226840,-0.051610,-0.399081,-0.002241,-0.001902,-0.002730
1771002445.698754,12.023633,0.217805,-0.045113,-0.354477,-0.002293,-0.002235,-0.002961
1771002445.703743,12.028621,0.198187,0.008927,-0.324455,-0.002751,-0.001915,-0.002595
1771002445.708720,12.033598,0.269999,-0.010316,-0.360409,-0.002385,-0.001605,-0.002115
1771002445.713701,12.038580,0.196252,-0.069931,-0.368906,-0.002500,-0.002074,-0.002846
1771002445.718692,12.043571,0.224020,-0.036817,-0.345706,-0.002235,-0.002160,-0.002859
1771002445.723667,12.048546,0.211515,-0.067735,-0.375705,-0.002392,-0.002072,-0.002378
1771002445.728648,12.053527,0.219225,-0.007805,-0.307003,-0.002640,-0.002030,-0.002574
1771002445.733639,12.058518,0.171712,-0.045924,-0.335226,-0.002246,-0.002055,-0.002754
1771002445.738610,12.063489,0.193177,-0.031983,-0.349072,-0.002350,-0.002035,-0.002670
1771002445.743591,12.068470,0.203187,0.072066,-0.281407,-0.003185,-0.001739,-0.003098
1771002445.748570,12.073449,0.196746,0.003991,-0.336142,-0.002913,-0.002089,-0.002638
1771002445.753559,12.078438,0.216983,0.102151,-0.260610,-0.003378,-0.001786,-0.002835
1771002445.758539,12.083417,0.220265,-0.022687,-0.343397,-0.002680,-0.002029,-0.002519
1771002445.763527,12.088406,0.211985,-0.060551,-0.337549,-0.002108,-0.001933,-0.002476
1771002445.768500,12.093378,0.245285,-0.067555,-0.378481,-0.001711,-0.001540,-0.002164
1771002445.773483,12.098362,0.217288,0.020265,-0.298839,-0.002805,-0.001913,-0.002634
1771002445.778483,12.103362,0.244181,0.065446,-0.346723,-0.002709,-0.001494,-0.002481
1771002445.783450,12.108328,0.229733,-0.022423,-0.334080,-0.002720,-0.002149,-0.002365
1771002445.788435,12.113314,0.247922,-0.103659,-0.388053,-0.001771,-0.002242,-0.002642
1771002445.793416,12.118295,0.201169,0.027847,-0.288206,-0.002889,-0.002081,-0.003007
1771002445.798392,12.123270,0.252750,-0.008519,-0.372851,-0.002117,-0.001397,-0.002095
1771002445.803385,12.128264,0.235702,0.004753,-0.365414,-0.002502,-0.001877,-0.002410
1771002445.808362,12.133240,0.264195,0.040790,-0.394890,-0.002347,-0.001480,-0.002307
1771002445.813341,12.138219,0.268733,0.127252,-0.280719,-0.003576,-0.001689,-0.002583
1771002445.818333,12.143212,0.246484,0.029301,-0.304540,-0.002450,-0.001427,-0.002485
1771002445.823312,12.148190,0.253358,-0.055222,-0.340828,-0.002010,-0.001704,-0.001961
1771002445.828290,12.153169,0.210854,0.010899,-0.284764,-0.002418,-0.001943,-0.002352
1771002445.833263,12.158142,0.260572,0.062143,-0.353000,-0.002766,-0.001533,-0.002303
1771002445.838260,12.163138,0.204443,0.108279,-0.321143,-0.003090,-0.001700,-0.002811
1771002445.843239,12.168117,0.243064,-0.056800,-0.333316,-0.002338,-0.002154,-0.002491
1771002445.848222,12.173101,0.215338,0.098435,-0.290494,-0.003817,-0.002133,-0.003371
1771002445.853204,12.178083,0.209747,0.107011,-0.280754,-0.003717,-0.002136,-0.002736
1771002445.858188,12.183066,0.249458,-0.057371,-0.388052,-0.002329,-0.001952,-0.002511
1771002445.863176,12.188055,0.233569,0.104199,-0.270550,-0.003533,-0.001911,-0.002910
1771002445.868161,12.193040,0.251759,-0.047152,-0.380672,-0.002137,-0.001315,-0.002565
1771002445.873138,12.198016,0.246589,-0.045990,-0.380205,-0.002122,-0.001513,-0.002381
1771002445.878119,12.202998,0.233623,-0.063832,-0.376325,-0.001701,-0.001776,-0.002172
1771002445.883088,12.207967,0.218164,0.069002,-0.324127,-0.003433,-0.002208,-0.003132
1771002445.888084,12.212963,0.186838,0.158416,-0.297554,-0.003800,-0.002152,-0.003269
1771002445.893061,12.217940,0.257133,0.077670,-0.294016,-0.003144,-0.001371,-0.002224
1771002445.898038,12.222917,0.215136,0.046346,-0.343857,-0.003226,-0.002370,-0.002893
1771002445.903011,12.227890,0.247320,0.002614,-0.366820,-0.002657,-0.001917,-0.002632
1771002445.908000,12.232878,0.447983,-0.125329,0.649853,0.007143,0.005841,-0.003999
1771002445.912981,12.237860,0.215591,-0.388559,1.660224,0.016698,0.013315,0.012387
1771002445.917971,12.242849,0.251660,-0.308075,1.685541,0.016066,0.014007,0.012659
1771002445.922952,12.247830,0.261743,-0.244586,1.707106,0.015151,0.014466,0.013223
1771002445.927935,12.252814,0.212491,-0.308832,1.730853,0.015809,0.012840,0.012061
1771002445.932903,12.257782,0.201316,-0.307041,1.698199,0.015847,0.013538,0.012105
1771002445.937891,12.262769,0.278407,-0.345515,1.673724,0.016701,0.014489,0.012687
1771002445.942868,12.267747,0.204098,-0.303272,1.715043,0.015487,0.013788,0.012228
1771002445.947853,12.272732,0.219439,-0.340317,1.678100,0.016483,0.013415,0.012384
1771002445.952840,12.277719,0.199434,-0.350451,1.683768,0.016475,0.013498,0.012535
1771002445.957817,12.282696,0.215125,-0.279135,1.730325,0.015190,0.012951,0.012057
1771002445.962802,12.287680,0.267707,-0.295692,1.719433,0.015736,0.014993,0.013269
1771002445.967777,12.292655,0.262065,-0.301885,1.712103,0.015999,0.013828,0.012241
1771002445.972764,12.297643,0.222566,-0.314238,1.710174,0.015984,0.013859,0.012653
1771002445.977747,12.302626,0.241122,-0.297681,1.708054,0.015752,0.013763,0.012201
1771002445.982723,12.307602,0.224490,-0.263550,1.735312,0.015593,0.014306,0.012614
1771002445.987725,12.312604,0.244630,-0.236206,1.726983,0.015466,0.014323,0.012993
1771002445.992694,12.317573,0.210267,-0.279951,1.730702,0.015218,0.013238,0.012380
1771002445.997674,12.322553,0.228507,-0.234778,1.740792,0.015311,0.014265,0.012723
1771002446.002656,12.327534,0.203303,-0.276005,1.743078,0.015144,0.013052,0.012201
1771002446.007637,12.332516,0.261565,-0.377574,1.690642,0.016405,0.013663,0.013056
1771002446.012616,12.337495,0.252234,-0.234030,1.742032,0.015179,0.013472,0.012855
1771002446.017598,12.342477,-1.052141,-0.380109,1.371376,0.007549,0.014154,0.007450
1771002446.022653,12.347531,0.215448,-0.269628,1.730844,0.015509,0.013910,0.012205
1771002446.027568,12.352447,0.257682,-0.187362,1.730838,0.014673,0.013813,0.013103
1771002446.032553,12.357432,0.219813,-0.281872,1.737389,0.015682,0.013210,0.012143
1771002446.037527,12.362406,0.199309,-0.273011,1.723070,0.015413,0.013328,0.011955
1771002446.042524,12.367403,0.213402,-0.306930,1.697649,0.015899,0.012970,0.011938
1771002446.048116,12.372995,0.226464,-0.254423,1.716325,0.015395,0.013052,0.012341
1771002446.052469,12.377348,0.276528,-0.279527,1.696657,0.015766,0.014081,0.012872
1771002446.057520,12.382398,0.260267,-0.259197,1.720831,0.015850,0.013929,0.012735
1771002446.063019,12.387897,0.228521,-0.322542,1.680450,0.016167,0.013082,0.012262
1771002446.067434,12.392313,0.230339,-0.290697,1.705378,0.015689,0.013694,0.012515
1771002446.072405,12.397284,0.203737,-0.293998,1.702708,0.015685,0.013087,0.011952
1771002446.077387,12.402266,0.226024,-0.240640,1.709198,0.014954,0.013660,0.012931
1771002446.082366,12.407244,-1.119472,-0.539658,1.313525,0.009002,0.012807,0.007015
1771002446.087354,12.412232,0.205030,-0.369714,1.668006,0.016909,0.013841,0.012372
1771002446.092340,12.417218,0.218819,-0.342421,1.704099,0.016326,0.013758,0.012488
1771002446.097312,12.422190,0.251206,-0.291623,1.698862,0.015752,0.014066,0.012555
1771002446.102301,12.427180,0.264090,-0.203247,1.720048,0.014823,0.013336,0.012733
1771002446.107273,12.432152,0.259466,-0.198213,1.742858,0.014846,0.013682,0.012917
1771002446.112257,12.437136,0.270647,-0.230338,1.717655,0.015348,0.014060,0.012987
1771002446.117242,12.442120,0.229294,-0.327269,1.651247,0.016209,0.013421,0.012568
1771002446.122225,12.447104,0.241214,-0.240060,1.682438,0.015290,0.013698,0.012722
1771002446.127210,12.452088,-1.110535,-0.441616,1.332315,0.007821,0.012827,0.006722
1771002446.132192,12.457071,0.233319,-0.340234,1.672864,0.016242,0.012982,0.012417
1771002446.137172,12.462050,0.241424,-0.273584,1.687301,0.015508,0.013461,0.012675
1771002446.142154,12.467032,0.254108,-0.195693,1.709704,0.014560,0.013575,0.013127
1771002446.147135,12.472013,0.249032,-0.303109,1.671868,0.015866,0.013265,0.012583
1771002446.152106,12.476985,-1.097161,-0.451465,1.297117,0.008115,0.013558,0.007026
1771002446.157100,12.481979,-1.091783,-0.336438,1.326092,0.006910,0.013647,0.006875
1771002446.162074,12.486952,-1.124167,-0.491405,1.289708,0.008442,0.012724,0.006685
1771002446.167700,12.492579,-1.154290,-0.454375,1.292169,0.007964,0.012600,0.006258
1771002446.172106,12.496985,0.261722,-0.164274,1.695266,0.014522,0.013643,0.013093
1771002446.177606,12.502484,0.254626,-0.320166,1.656178,0.016120,0.013766,0.012725
1771002446.182012,12.506891,0.246441,-0.244617,1.649374,0.015587,0.014295,0.012847
1771002446.186980,12.511858,-0.108537,1.412313,2.151711,0.004314,0.005933,0.003456
1771002446.192528,12.517406,0.261309,-0.253453,1.679001,0.015419,0.013867,0.012841
1771002446.196969,12.521848,0.247412,-0.170883,1.707404,0.014674,0.013690,0.012969
1771002446.201992,12.526871,-1.129779,-0.392903,1.302963,0.006994,0.012874,0.006545
1771002446.207472,12.532351,-1.146768,-0.424859,1.293883,0.007479,0.012752,0.006434
1771002446.211942,12.536821,-0.061046,1.273031,2.166742,0.004747,0.005907,0.004026
1771002446.217108,12.541986,0.082195,1.567886,1.317384,0.005212,0.015325,-0.005148
1771002446.221949,12.546827,0.268384,-0.315452,1.665902,0.016205,0.014012,0.012914
1771002446.226892,12.551771,-1.089404,-0.419034,1.319158,0.007443,0.013196,0.006966
1771002446.232233,12.557112,-1.078291,-0.455993,1.301136,0.008380,0.014315,0.007752
1771002446.236838,12.561717,0.194209,0.082592,-0.351723,-0.003363,-0.002054,-0.002416
1771002446.241773,12.566652,0.252117,0.009185,-0.427180,-0.002790,-0.002317,-0.002458
1771002446.246770,12.571649,0.233860,0.065848,-0.465343,-0.002741,-0.001332,-0.002595
1771002446.252171,12.577049,0.231624,0.028699,-0.511889,-0.002496,-0.001658,-0.002053
1771002446.257148,12.582027,-0.401752,2.714042,0.733310,-0.019845,0.006027,-0.001929
1771002446.262172,12.587050,-1.114227,-0.399124,1.240844,0.007693,0.013738,0.006722
1771002446.266696,12.591575,-1.109080,-0.330122,1.273250,0.007250,0.014142,0.006805
1771002446.271666,12.596545,-0.108680,1.507478,2.061559,0.003762,0.005837,0.003278
1771002446.276666,12.601545,-1.497488,1.833303,1.704256,-0.005337,0.005576,-0.002568
1771002446.281649,12.606528,-1.488333,1.622096,1.793812,-0.004708,0.004832,-0.002445
1771002446.286619,12.611497,-1.100321,-0.327646,1.268354,0.007031,0.014173,0.006643
1771002446.291604,12.616483,-1.065188,-0.303708,1.300692,0.006996,0.014607,0.007211
1771002446.296592,12.621470,-0.069824,1.366163,2.098106,0.004843,0.006449,0.003887
1771002446.301565,12.626444,-1.446927,1.623680,1.774811,-0.004521,0.005581,-0.002387
1771002446.306566,12.631445,-1.496866,1.587585,1.784335,-0.004565,0.004718,-0.002417
1771002446.311525,12.636404,-1.509057,1.604149,1.806511,-0.004678,0.004724,-0.002673
1771002446.316494,12.641372,-0.062326,1.407532,2.089233,0.004696,0.006329,0.003479
1771002446.321496,12.646375,-1.476395,1.607064,1.755975,-0.004365,0.005433,-0.002264
1771002446.326502,12.651380,-1.455046,1.569198,1.752242,-0.004271,0.005122,-0.001873
1771002446.331484,12.656363,-1.495550,1.659501,1.740777,-0.004941,0.005394,-0.002022
1771002446.336451,12.661330,-1.499736,1.680860,1.738666,-0.004856,0.005042,-0.002238
1771002446.341422,12.666301,-1.527118,1.724321,1.732943,-0.005136,0.005027,-0.002467
1771002446.346404,12.671282,-1.493262,1.579996,1.774149,-0.004273,0.004668,-0.002263
1771002446.351384,12.676263,-1.130466,-0.323323,1.285149,0.006543,0.013338,0.006793
1771002446.356366,12.681244,-1.460643,1.583505,1.737016,-0.004349,0.005426,-0.001881
1771002446.361351,12.686230,-1.472831,1.611348,1.770932,-0.004388,0.005344,-0.001785
1771002446.366332,12.691211,-1.119774,-0.343545,1.257594,0.007211,0.013593,0.005872
1771002446.371805,12.696683,-1.561537,1.844424,1.748034,-0.005670,0.004444,-0.002995
1771002446.376408,12.701287,-1.449648,1.730765,1.798615,-0.004816,0.005740,-0.001858
1771002446.381282,12.706161,-1.485537,1.663795,1.806175,-0.004990,0.004777,-0.002317
1771002446.386269,12.711148,-1.096337,-0.396632,1.291665,0.007339,0.013808,0.007150
1771002446.391244,12.716122,-1.457204,1.618633,1.768609,-0.004496,0.005462,-0.002085
1771002446.396236,12.721114,-1.092909,-0.361634,1.248209,0.007344,0.014382,0.006782
1771002446.401211,12.726090,-0.065631,1.598864,2.040189,0.003923,0.006687,0.004148
1771002446.406198,12.731076,-1.077036,-0.416470,1.279547,0.007950,0.013912,0.007341
1771002446.411174,12.736053,-1.450971,1.527346,1.807585,-0.004337,0.005951,-0.001588
1771002446.416152,12.741031,-1.473728,1.589946,1.813135,-0.004396,0.004809,-0.002715
1771002446.421136,12.746015,-1.093584,-0.291769,1.291951,0.006821,0.014429,0.006714
1771002446.426120,12.750999,-1.113973,-0.353064,1.300918,0.006824,0.012803,0.006511
1771002446.431118,12.755997,-1.495992,1.706980,1.820574,-0.005472,0.004578,-0.002510
1771002446.436084,12.760963,-1.107342,-0.383991,1.278295,0.007111,0.013311,0.006945
1771002446.441080,12.765959,-1.484905,1.748701,1.817363,-0.005525,0.005029,-0.002611
1771002446.446047,12.770926,-0.059639,1.445615,2.131502,0.003977,0.006179,0.004004
1771002446.451023,12.775902,-1.100558,-0.329587,1.327516,0.006670,0.013172,0.006330
1771002446.456007,12.780885,-1.431275,1.561074,1.790617,-0.003945,0.005634,-0.001777
1771002446.460992,12.785871,-1.084193,-0.373205,1.272422,0.007751,0.014073,0.006452
1771002446.465976,12.790855,-1.499844,1.652413,1.770910,-0.004592,0.005297,-0.002265
1771002446.470953,12.795831,-0.066851,1.482033,2.087985,0.004223,0.006678,0.003979
1771002446.475935,12.800814,-0.065536,1.444054,2.109335,0.004306,0.006364,0.003752
1771002446.480916,12.805795,-1.115967,-0.326592,1.273171,0.006736,0.014008,0.007107
1771002446.485902,12.810781,0.230680,-0.277122,1.656277,0.015565,0.013392,0.012346
1771002446.490878,12.815757,-1.134016,-0.368781,1.269525,0.007282,0.012983,0.006574
1771002446.495863,12.820742,-1.545012,1.815529,1.731943,-0.005271,0.004721,-0.002972
1771002446.500849,12.825728,-1.153675,-0.452819,1.245760,0.007997,0.012951,0.006430
1771002446.505827,12.830705,-1.133073,-0.351546,1.280486,0.007208,0.013584,0.006871
1771002446.510814,12.835693,-1.460708,1.684464,1.769360,-0.004443,0.005671,-0.001663
1771002446.515790,12.840669,-1.498684,1.782103,1.739050,-0.005147,0.005864,-0.001888
1771002446.520757,12.845636,-1.798583,0.405900,1.147715,0.001608,0.000246,-0.010420
1771002446.525759,12.850637,0.283605,0.096511,-0.517398,-0.003286,-0.001953,-0.002205
1771002446.530829,12.855707,0.245346,0.009425,-0.484530,-0.002964,-0.002265,-0.002772
1771002446.535756,12.860635,0.301826,0.143153,-0.500973,-0.003558,-0.001289,-0.002423
1771002446.540714,12.865593,0.272235,0.222910,-0.546261,-0.004214,-0.001269,-0.003233
1771002446.545693,12.870571,0.277752,0.159432,-0.492902,-0.004048,-0.002196,-0.002744
1771002446.550734,12.875613,0.269284,0.116833,-0.502543,-0.003495,-0.001784,-0.002356
1771002446.555646,12.880525,0.308781,0.325687,-0.520820,-0.004345,-0.000910,-0.002217
1771002446.560631,12.885510,-1.887257,0.438824,1.157424,-0.000782,-0.003864,-0.014325
1771002446.565629,12.890507,-1.518628,1.713117,1.694816,-0.004617,0.004985,-0.002601
1771002446.570583,12.895462,-1.539022,1.709681,1.721110,-0.004623,0.005098,-0.002377
1771002446.575577,12.900456,-1.505038,1.739426,1.732299,-0.005087,0.004893,-0.002090
1771002446.580554,12.905432,-1.451233,1.809866,1.754108,-0.005622,0.005726,-0.001720
1771002446.585582,12.910461,-0.371615,1.137629,1.278632,-0.006177,-0.003401,-0.005512
1771002446.590552,12.915431,0.262003,0.053563,-0.518082,-0.003180,-0.002187,-0.002336
1771002446.595928,12.920807,0.275781,0.028388,-0.508309,-0.002889,-0.002017,-0.002312
1771002446.600484,12.925363,0.290454,0.208297,-0.452873,-0.003563,-0.001415,-0.002167
1771002446.605465,12.930344,0.347906,-0.007102,-0.559212,-0.002090,-0.001932,-0.002045
1771002446.610694,12.935573,-1.462571,1.568527,1.817085,-0.004794,0.004678,-0.002182
1771002446.615449,12.940328,-1.490989,1.858513,1.666698,-0.005128,0.005529,-0.001911
1771002446.620430,12.945308,-1.487571,1.866096,1.693665,-0.005304,0.005857,-0.001811
1771002446.625397,12.950275,-1.463064,1.734394,1.704652,-0.004773,0.005391,-0.001885
1771002446.630574,12.955453,-1.480201,1.629911,1.700024,-0.004420,0.005307,-0.001904
1771002446.635371,12.960250,-1.527522,1.821179,1.656340,-0.005282,0.005747,-0.001738
1771002446.640882,12.965761,-1.496481,1.738063,1.742607,-0.004951,0.004378,-0.002923
1771002446.645327,12.970205,-1.502585,1.737675,1.672042,-0.004319,0.005105,-0.002169
1771002446.650334,12.975213,-1.500275,1.743098,1.686925,-0.004997,0.005411,-0.002779
1771002446.655291,12.980170,-1.410415,1.556468,1.732025,-0.004248,0.005206,-0.001651
1771002446.660271,12.985150,-1.471856,1.734472,1.688521,-0.004742,0.005070,-0.002217
1771002446.665785,12.990664,-1.513465,1.848762,1.657847,-0.004783,0.005572,-0.002330
1771002446.670659,12.995537,-1.539121,1.767269,1.659484,-0.004698,0.005124,-0.002237
1771002446.676328,13.001206,-1.487206,1.693831,1.684275,-0.004611,0.005411,-0.002429
1771002446.680593,13.005472,-1.530261,1.910699,1.637167,-0.005409,0.005358,-0.002167
1771002446.685553,13.010432,-1.134347,-0.370054,1.213909,0.007293,0.012850,0.006528
1771002446.690568,13.015447,-1.467275,1.577914,1.759751,-0.004052,0.005846,-0.001744
1771002446.695503,13.020381,-1.506887,1.793928,1.687640,-0.004765,0.004915,-0.002332
1771002446.700500,13.025379,-1.420169,1.592163,1.754261,-0.004764,0.005160,-0.002027
1771002446.705114,13.029993,-1.183596,-0.413118,1.232377,0.007569,0.012603,0.006003
1771002446.710103,13.034981,-1.502114,1.709737,1.777761,-0.004969,0.005071,-0.002306
1771002446.715097,13.039976,-1.506997,1.785372,1.732274,-0.005031,0.005710,-0.002327
1771002446.720066,13.044944,-1.475122,1.668859,1.735894,-0.004476,0.005296,-0.002146
1771002446.725047,13.049926,-1.452082,1.589031,1.790689,-0.004671,0.004520,-0.002050
1771002446.730022,13.054901,-1.174820,-0.350647,1.268731,0.007272,0.013251,0.006487
1771002446.735023,13.059901,-1.500821,1.716602,1.776377,-0.004955,0.004884,-0.002560
1771002446.739990,13.064869,-1.466555,1.572779,1.758371,-0.004351,0.005255,-0.001934
1771002446.744967,13.069846,-1.070122,-0.297005,1.298245,0.006530,0.013553,0.006900
1771002446.749949,13.074828,-1.115893,-0.345211,1.272109,0.007229,0.013519,0.006610
1771002446.754943,13.079822,-1.448548,1.745267,1.788201,-0.005331,0.005318,-0.001697
1771002446.759925,13.084804,-1.122496,-0.404142,1.283806,0.007532,0.012994,0.007059
1771002446.764913,13.089792,0.219507,-0.197503,1.680271,0.014526,0.012965,0.012585
1771002446.769883,13.094762,0.234713,-0.273830,1.699867,0.015425,0.013154,0.012455
1771002446.774866,13.099745,-1.103393,-0.374315,1.328261,0.007103,0.013152,0.007277
1771002446.779853,13.104732,0.219574,-0.262361,1.698976,0.015523,0.013541,0.012708
1771002446.784850,13.109729,0.219585,-0.256004,1.693317,0.015391,0.012823,0.012554
1771002446.789824,13.114703,0.254636,-0.198277,1.763751,0.014978,0.013000,0.012757
1771002446.794889,13.119767,0.301338,-0.239486,1.743719,0.015419,0.014435,0.013458
1771002446.799783,13.124662,0.271943,-0.222977,1.735978,0.015138,0.014011,0.013001
1771002446.804754,13.129633,0.256947,-0.272636,1.716320,0.015518,0.013374,0.013051
1771002446.809740,13.134618,0.229142,-0.209025,1.773947,0.014758,0.013110,0.012912
1771002446.814732,13.139611,0.213941,-0.261931,1.723717,0.015360,0.013055,0.012784
1771002446.819710,13.144589,0.248834,-0.238787,1.706770,0.015103,0.013617,0.013090
1771002446.824691,13.149570,-1.088296,-0.374982,1.360155,0.007170,0.013654,0.007581
1771002446.829669,13.154547,-1.104569,0.174015,0.373107,-0.000393,-0.001301,-0.004343
1771002446.834644,13.159522,0.210317,0.014287,-0.366239,-0.002937,-0.002379,-0.002665
1771002446.839640,13.164519,0.263558,0.057021,-0.391535,-0.002717,-0.001418,-0.001979
1771002446.844614,13.169493,0.232182,-0.006505,-0.448624,-0.002968,-0.002195,-0.002452
1771002446.849595,13.174474,0.278891,0.119782,-0.393637,-0.003133,-0.001209,-0.002153
1771002446.854564,13.179443,0.274469,0.079381,-0.386789,-0.003186,-0.001761,-0.002432
1771002446.859563,13.184442,0.261394,0.021099,-0.455640,-0.002911,-0.001854,-0.002107
1771002446.864532,13.189411,0.250132,0.098857,-0.435013,-0.003033,-0.001578,-0.002434
1771002446.869527,13.194406,0.205050,0.054038,-0.534567,-0.002876,-0.002296,-0.002998
1771002446.874522,13.199401,-1.543409,1.775930,1.690372,-0.005090,0.005039,-0.002075
1771002446.879491,13.204370,-1.480981,1.699719,1.732684,-0.004837,0.005627,-0.001414
1771002446.884487,13.209366,-1.122439,-0.263267,1.265155,0.006557,0.014173,0.006084
1771002446.889467,13.214346,-1.534913,1.709578,1.764303,-0.004776,0.004988,-0.002668
1771002446.894509,13.219388,-1.529611,1.815302,1.702517,-0.005056,0.004879,-0.002194
1771002446.899433,13.224311,-1.534178,1.856492,1.681292,-0.005047,0.005122,-0.002573
1771002446.904397,13.229276,-1.506835,1.619086,1.713125,-0.004509,0.004872,-0.002310
1771002446.909380,13.234259,-1.527680,1.779593,1.605806,-0.004877,0.005298,-0.002232
1771002446.914369,13.239247,-1.500342,1.857583,1.629105,-0.005429,0.005418,-0.002747
1771002446.919349,13.244227,-1.516527,1.836822,1.563123,-0.004672,0.005578,-0.002101
1771002446.924330,13.249209,-1.578199,1.909855,1.554133,-0.005164,0.005336,-0.002476
1771002446.929311,13.254190,-1.525908,1.843987,1.594636,-0.004870,0.005197,-0.002482
1771002446.934282,13.259160,-1.115219,-0.305911,1.306281,0.006195,0.013666,0.007288
1771002446.939279,13.264157,-1.519324,1.875180,1.542932,-0.005045,0.005394,-0.002033
1771002446.944256,13.269135,-0.186043,0.801914,-0.127203,-0.012154,-0.002099,-0.007461
1771002446.949245,13.274123,0.240107,0.175673,-0.429804,-0.003854,-0.001831,-0.002405
1771002446.954233,13.279112,0.229911,0.035493,-0.415386,-0.002682,-0.002051,-0.002834
1771002446.959203,13.284082,0.256423,-0.009877,-0.299883,-0.002574,-0.002073,-0.001884
1771002446.964185,13.289064,-0.308583,0.935980,0.731985,-0.003065,-0.002498,0.007704
1771002446.969172,13.294051,-1.135674,-0.323601,1.284137,0.006678,0.013917,0.007425
1771002446.974137,13.299016,-1.100556,-0.367803,1.277649,0.007115,0.013731,0.007041
1771002446.979123,13.304002,-1.089998,-0.364018,1.279382,0.007374,0.013519,0.007068
1771002446.984108,13.308987,-1.463941,1.624860,1.745920,-0.004539,0.005665,-0.001667
1771002446.989099,13.313977,-1.570476,1.786376,1.687652,-0.005024,0.004861,-0.002919
1771002446.994079,13.318958,-1.095382,-0.355736,1.244826,0.007194,0.013387,0.006864
1771002446.999081,13.323960,0.211879,-0.320923,1.608366,0.016062,0.013745,0.012817
1771002447.004036,13.328915,-1.480755,1.797342,1.693871,-0.005368,0.006098,-0.001586
1771002447.009016,13.333895,-1.507616,1.814760,1.689388,-0.005313,0.005103,-0.002226
1771002447.014010,13.338889,-1.547746,1.856177,1.644637,-0.005137,0.004635,-0.002389
1771002447.018987,13.343865,-0.345926,2.068756,1.613021,-0.003418,0.011963,-0.013872
1771002447.023968,13.348847,-1.641202,2.738235,1.562785,-0.014481,-0.004317,-0.003219
1771002447.028945,13.353824,-1.553153,2.071062,1.320598,-0.006516,0.004967,-0.002978
1771002447.033947,13.358826,-0.285796,2.106702,1.468782,-0.003484,0.012477,-0.015440
1771002447.038908,13.363787,1.249375,2.240383,0.081125,-0.026633,0.021101,0.004436
1771002447.043889,13.368767,0.906523,2.257950,0.543774,-0.019431,0.015202,0.001704
1771002447.048873,13.373751,-0.230932,2.195209,1.381137,-0.002779,0.013676,-0.014424
1771002447.053873,13.378752,1.295975,2.062861,0.163813,-0.025003,0.020513,0.003849
1771002447.058853,13.383731,1.268630,2.189408,0.113647,-0.026441,0.021124,0.004504
1771002447.063822,13.388700,1.265350,2.358419,-0.051417,-0.027697,0.022226,0.004620
1771002447.068802,13.393681,1.245751,2.142051,0.194548,-0.025932,0.021076,0.004612
1771002447.073781,13.398659,1.230884,2.097318,0.261511,-0.026084,0.020245,0.003884
1771002447.078760,13.403639,0.112985,1.816888,0.736010,-0.012032,0.023564,-0.012159
1771002447.083761,13.408640,-0.451991,2.626226,1.517149,-0.016173,0.005653,-0.014160
1771002447.088737,13.413616,0.210487,1.920771,0.774441,-0.012610,0.023851,-0.011116
1771002447.093723,13.418602,-0.280619,1.940825,1.573269,-0.002897,0.012099,-0.014998
1771002447.098693,13.423572,-0.247715,1.943623,1.547385,-0.003007,0.012465,-0.014902
1771002447.103685,13.428564,-1.520499,2.175471,1.158616,-0.006524,0.004494,-0.003026
1771002447.108660,13.433538,-0.253128,2.205434,1.498663,-0.004286,0.012352,-0.015298
1771002447.113641,13.438519,-0.255999,2.197437,1.487729,-0.004515,0.012119,-0.014653
1771002447.118647,13.443526,-0.197055,1.964585,1.494091,-0.002589,0.013272,-0.013806
1771002447.123603,13.448482,-0.276438,1.935088,1.570787,-0.003282,0.012437,-0.014637
1771002447.128589,13.453468,-1.464858,1.981737,1.278447,-0.005830,0.004891,-0.002200
1771002447.133566,13.458445,-1.531669,1.948420,1.247957,-0.005241,0.004824,-0.002431
1771002447.138561,13.463440,-0.017841,2.355883,-0.884972,-0.017386,-0.001626,-0.012477
1771002447.143542,13.468421,0.026221,2.370052,-0.970859,-0.017286,-0.001271,-0.012254
1771002447.148529,13.473407,-0.238970,3.080403,-1.375401,-0.026291,-0.001766,-0.011917
1771002447.153499,13.478377,-0.461624,3.632873,0.061103,-0.024214,0.012317,-0.016975
1771002447.158507,13.483386,-1.479459,1.994618,1.179839,-0.005264,0.005506,-0.002078
1771002447.163477,13.488356,-0.241378,2.084245,1.468871,-0.002973,0.012817,-0.014987
1771002447.168551,13.493430,-1.556946,2.152029,1.210365,-0.006757,0.004088,-0.003288
1771002447.173435,13.498313,-0.485962,2.580634,1.614210,-0.015254,0.004835,-0.014450
1771002447.178406,13.503284,-0.297132,2.086013,1.545920,-0.003588,0.011972,-0.014664
1771002447.183400,13.508279,-0.349391,2.153569,1.502843,-0.004027,0.012426,-0.015472
1771002447.188380,13.513259,-0.266391,2.025895,1.568360,-0.003679,0.012722,-0.014598
1771002447.193371,13.518249,0.118539,1.849113,0.807314,-0.012179,0.023226,-0.012485
1771002447.198762,13.523641,-0.304561,2.084522,1.431553,-0.002852,0.012530,-0.015090
1771002447.203686,13.528564,-0.259456,1.972043,1.470368,-0.002735,0.012575,-0.015507
1771002447.208717,13.533596,1.265128,2.079082,0.274601,-0.025288,0.020759,0.004417
1771002447.213286,13.538165,-0.123555,2.493227,1.179169,-0.022351,0.012579,-0.012070
1771002447.218269,13.543148,-0.105612,2.602854,1.016131,-0.023503,0.013972,-0.010532
1771002447.223244,13.548123,-0.272777,2.117262,1.441888,-0.003901,0.012442,-0.014852
1771002447.228232,13.553111,-0.306149,2.065608,1.462882,-0.003154,0.011758,-0.015569
1771002447.233222,13.558101,1.063841,1.781251,0.950771,-0.004880,0.018937,0.001135
1771002447.238192,13.563071,0.191480,2.079121,0.680699,-0.013610,0.024501,-0.011657
1771002447.243166,13.568045,1.287098,2.197135,0.147700,-0.026363,0.021585,0.004316
1771002447.248152,13.573030,1.493742,1.919603,0.227232,-0.014988,0.027018,0.004531
1771002447.253132,13.578011,1.286295,2.152989,0.166752,-0.026339,0.020958,0.004367
1771002447.258124,13.583003,-0.332982,2.190603,1.395226,-0.003098,0.012898,-0.015585
1771002447.263125,13.588004,-0.053482,2.611420,0.936488,-0.024211,0.014391,-0.010453
1771002447.268100,13.592978,1.102707,1.843815,0.841897,-0.005765,0.019482,0.000993
1771002447.273066,13.597945,1.290058,2.257041,0.077937,-0.026741,0.021942,0.005065
1771002447.278045,13.602924,-0.464391,2.673720,1.390429,-0.016128,0.005963,-0.013902
1771002447.283024,13.607903,-0.087064,2.522241,1.046898,-0.023208,0.013381,-0.010639
1771002447.288019,13.612897,1.091351,1.876601,0.850069,-0.005024,0.019934,0.001054
1771002447.293006,13.617884,0.959370,2.170864,0.737607,-0.018654,0.015349,0.002189
1771002447.297979,13.622857,-0.299979,2.255707,1.411557,-0.004295,0.012458,-0.014904
1771002447.302965,13.627843,0.068001,1.884214,0.775419,-0.012047,0.022196,-0.013038
1771002447.307938,13.632817,1.279671,2.045472,0.324029,-0.024943,0.020487,0.004519
1771002447.312925,13.637803,-0.286485,1.979226,1.490969,-0.002816,0.012300,-0.015039
1771002447.317904,13.642783,-0.258205,1.961096,1.480105,-0.002965,0.012245,-0.014472
1771002447.322888,13.647767,-0.297803,2.033561,1.480157,-0.002967,0.012451,-0.015127
1771002447.327870,13.652749,-0.435535,2.555719,1.659639,-0.016131,0.005349,-0.014598
1771002447.332847,13.657726,0.118788,1.946078,0.765576,-0.012643,0.023433,-0.012040
1771002447.337850,13.662729,-0.260684,2.078067,1.427457,-0.003391,0.012992,-0.014106
1771002447.342815,13.667693,-0.234954,2.157733,1.394489,-0.003236,0.013264,-0.013792
1771002447.347797,13.672676,-0.356034,2.077761,1.463121,-0.002601,0.011991,-0.015512
1771002447.352779,13.677658,1.113156,1.772167,0.925956,-0.004210,0.019404,0.002111
1771002447.357761,13.682640,-1.198037,1.924563,0.666423,-0.012874,0.014867,0.001066
1771002447.362733,13.687612,0.085273,1.925118,0.763845,-0.012156,0.023252,-0.012303
1771002447.367739,13.692618,0.087208,1.850527,0.819822,-0.012058,0.022954,-0.012579
1771002447.372705,13.697583,0.124979,1.864457,0.728372,-0.011833,0.023604,-0.011529
1771002447.377689,13.702568,0.097294,1.878259,0.845535,-0.012325,0.022300,-0.012153
1771002447.383043,13.707922,-0.206786,1.948247,1.542857,-0.003136,0.012409,-0.014372
1771002447.387654,13.712533,-0.322906,2.087946,1.550214,-0.004029,0.012408,-0.015309
1771002447.392637,13.717516,-0.302160,2.064113,1.510417,-0.003894,0.012455,-0.014789
1771002447.397733,13.722612,-0.233249,2.110621,1.526269,-0.004180,0.012682,-0.014446
1771002447.403216,13.728095,0.129629,1.843482,0.827199,-0.012207,0.022938,-0.012037
1771002447.407562,13.732441,-0.293252,1.924821,1.493760,-0.002530,0.012408,-0.015325
1771002447.413002,13.737880,-0.261927,2.015410,1.508782,-0.003358,0.012352,-0.014864
1771002447.417580,13.742459,-0.160060,2.540165,1.147364,-0.023263,0.012659,-0.011073
1771002447.422542,13.747421,-0.273351,2.018972,1.482444,-0.003112,0.012853,-0.014897
1771002447.427508,13.752387,0.122562,1.930567,0.763182,-0.012348,0.023310,-0.012141
1771002447.432564,13.757443,-0.274632,2.075690,1.461590,-0.003207,0.013058,-0.014482
1771002447.437477,13.762356,0.155336,1.821111,0.825434,-0.012121,0.022847,-0.012094
1771002447.442443,13.767321,0.721136,1.541275,0.653342,-0.001752,0.014899,0.004772
1771002447.447433,13.772311,-0.258317,2.160679,1.462990,-0.003079,0.012851,-0.014678
1771002447.452414,13.777293,-0.285849,2.109844,1.452444,-0.004170,0.012673,-0.014422
1771002447.457399,13.782278,-0.291158,1.917791,1.522244,-0.002925,0.012362,-0.015457
1771002447.462387,13.787266,-0.279648,2.128731,1.461941,-0.003235,0.012217,-0.014941
1771002447.467465,13.792344,-0.240618,2.064510,1.484182,-0.003228,0.013248,-0.013816
1771002447.472372,13.797251,-0.247324,1.994784,1.505194,-0.003085,0.012475,-0.014749
1771002447.477326,13.802204,-0.268207,2.113919,1.506360,-0.003737,0.012310,-0.014570
1771002447.482306,13.807185,-0.258956,1.991055,1.583716,-0.003291,0.012148,-0.014366
1771002447.487295,13.812173,-0.279513,2.066500,1.510187,-0.003353,0.012434,-0.014852
1771002447.492266,13.817145,-0.112843,2.476207,1.151516,-0.022710,0.012712,-0.010850
1771002447.497272,13.822151,-0.242425,2.011757,1.557326,-0.003567,0.012246,-0.014539
1771002447.502243,13.827121,-0.296192,2.134255,1.405839,-0.002632,0.012465,-0.014573
1771002447.507206,13.832085,-0.094416,2.469578,1.102379,-0.022615,0.013151,-0.010086
1771002447.512193,13.837072,-0.245180,2.102222,1.416833,-0.003438,0.012367,-0.014218
1771002447.517180,13.842058,1.305289,2.087870,0.227798,-0.025384,0.020973,0.004774
1771002447.522162,13.847040,0.094275,2.010848,0.719514,-0.012256,0.023022,-0.011890
1771002447.527142,13.852021,-0.082361,2.461136,1.066059,-0.022570,0.012954,-0.010746
1771002447.532137,13.857015,-0.075162,2.430881,1.095328,-0.022748,0.012316,-0.010748
1771002447.537108,13.861987,1.134416,1.736789,0.964397,-0.004557,0.019091,0.001600
1771002447.542085,13.866964,-0.258388,1.952350,1.463502,-0.002256,0.012631,-0.014099
1771002447.547065,13.871943,-0.229210,1.979861,1.549793,-0.003345,0.012605,-0.014490
1771002447.552049,13.876928,-1.479403,2.027151,1.217861,-0.005645,0.005305,-0.002732
1771002447.557034,13.881912,-0.286941,2.010421,1.565021,-0.003695,0.011796,-0.015123
1771002447.562018,13.886897,-0.230137,1.948194,1.527237,-0.002721,0.012831,-0.014148
1771002447.566996,13.891875,-1.522080,1.962138,1.166354,-0.005127,0.005367,-0.002883
1771002447.571982,13.896861,-0.275190,1.940425,1.559288,-0.002260,0.012306,-0.014057
1771002447.576962,13.901841,-1.519431,1.957339,1.426851,-0.005533,0.004930,-0.002057
1771002447.581939,13.906817,-1.561695,1.968481,1.461111,-0.005870,0.004605,-0.002669
1771002447.586981,13.911860,-1.686263,3.362356,1.042267,-0.023440,-0.002637,-0.006720
1771002447.591930,13.916808,0.310704,0.253947,-0.721926,-0.004858,-0.002133,-0.003300
1771002447.596895,13.921774,0.329421,0.238433,-0.712087,-0.003691,-0.001688,-0.002293
1771002447.601878,13.926756,0.270197,0.131550,-0.693814,-0.003378,-0.001824,-0.002912
1771002447.606857,13.931736,0.365970,0.125512,-0.852460,-0.002711,-0.001687,-0.002273
1771002447.611829,13.936708,0.645049,1.474868,1.307054,-0.003686,0.015364,0.003426
1771002447.616828,13.941707,-1.543456,1.926747,1.590800,-0.005821,0.004662,-0.003111
1771002447.621809,13.946688,-1.535724,1.795525,1.592061,-0.004737,0.005018,-0.002228
1771002447.626788,13.951667,-1.517367,1.822909,1.625200,-0.004994,0.004742,-0.002383
1771002447.631796,13.956675,-1.546035,1.802590,1.616799,-0.005008,0.004738,-0.002347
1771002447.636754,13.961633,-1.555394,1.742000,1.628213,-0.004556,0.005040,-0.002601
1771002447.641733,13.966612,-1.523761,1.805152,1.583076,-0.004892,0.004874,-0.002439
1771002447.646727,13.971606,-1.525421,1.802086,1.613715,-0.005276,0.004771,-0.002212
1771002447.651738,13.976616,-1.506832,1.716885,1.646127,-0.004691,0.004886,-0.002108
1771002447.656682,13.981560,-1.480425,1.728572,1.617343,-0.004627,0.005895,-0.001454
1771002447.661662,13.986541,-1.543534,1.834885,1.656457,-0.005105,0.004980,-0.002343
1771002447.666667,13.991545,-1.552953,1.826092,1.615685,-0.005026,0.004871,-0.002518
1771002447.671630,13.996509,-1.504862,1.761970,1.622226,-0.004565,0.005704,-0.001771
1771002447.676625,14.001504,-1.511341,1.781591,1.628516,-0.004808,0.004762,-0.002043
1771002447.681588,14.006467,-1.547463,1.878085,1.482799,-0.005061,0.004937,-0.001368
1771002447.686598,14.011477,-1.574798,2.032962,1.386803,-0.006229,0.004406,-0.002361
1771002447.691538,14.016417,-1.537275,1.934339,1.350553,-0.005263,0.005421,-0.002219
1771002447.696634,14.021513,-1.555039,1.874330,1.452065,-0.005361,0.004363,-0.002610
1771002447.701519,14.026397,-1.566743,1.961908,1.392659,-0.005287,0.004880,-0.002791
1771002447.706604,14.031483,-1.571383,1.989258,1.360418,-0.005723,0.005016,-0.002694
1771002447.711484,14.036362,-1.557754,1.841367,1.465049,-0.005156,0.005047,-0.002382
1771002447.716468,14.041347,-1.523470,1.931714,1.431172,-0.005230,0.004979,-0.002047
1771002447.721450,14.046328,-1.506752,1.922869,1.449690,-0.005533,0.005141,-0.002527
1771002447.726428,14.051306,-1.501117,1.821456,1.482553,-0.004710,0.004550,-0.002504
1771002447.731418,14.056297,-1.504004,1.913165,1.453880,-0.005323,0.005281,-0.002324
1771002447.736401,14.061279,-1.483639,1.789543,1.534650,-0.004838,0.004399,-0.002114
1771002447.741378,14.066256,-1.505078,1.837211,1.542233,-0.004979,0.004540,-0.002569
1771002447.746348,14.071227,-1.524366,1.837824,1.507405,-0.004976,0.004294,-0.002898
1771002447.751344,14.076223,0.774221,-1.562869,0.400383,0.024931,0.003712,-0.000413
1771002447.756325,14.081203,-1.497424,1.881269,1.505562,-0.005141,0.005221,-0.002420
1771002447.761291,14.086170,-1.496771,1.844545,1.498043,-0.005045,0.005202,-0.002311
1771002447.766275,14.091154,-1.518041,1.821182,1.574105,-0.004959,0.004891,-0.002477
1771002447.771269,14.096148,-1.548412,2.025741,1.528782,-0.006052,0.005060,-0.002516
1771002447.776240,14.101119,-1.477042,1.904034,1.576718,-0.005468,0.005445,-0.001743
1771002447.781222,14.106101,-1.501878,1.827742,1.599230,-0.005075,0.005005,-0.002234
1771002447.786207,14.111086,-1.489571,1.880421,1.590065,-0.005263,0.005587,-0.001639
1771002447.791192,14.116071,-1.514994,1.789346,1.572766,-0.004678,0.005075,-0.002167
1771002447.796165,14.121043,-1.467550,1.855600,1.540710,-0.004861,0.005419,-0.002115
1771002447.801160,14.126039,-1.518651,1.872332,1.551343,-0.005276,0.004897,-0.002234
1771002447.806129,14.131007,-1.489542,1.847950,1.517895,-0.004987,0.005134,-0.002014
1771002447.811107,14.135986,-1.538387,1.898346,1.550886,-0.005833,0.004338,-0.002411
1771002447.816086,14.140965,-1.525395,1.829225,1.490079,-0.004843,0.004749,-0.002397
1771002447.821083,14.145961,-1.505912,1.850303,1.531174,-0.004964,0.005108,-0.001907
1771002447.826064,14.150943,-1.486542,1.948211,1.513932,-0.005505,0.005182,-0.001668
1771002447.831120,14.155998,-1.538809,1.960445,1.477537,-0.005811,0.004879,-0.002931
1771002447.836041,14.160920,-1.491249,1.862674,1.559435,-0.005374,0.004482,-0.002547
1771002447.841007,14.165885,-1.556588,1.929659,1.492547,-0.005616,0.004512,-0.002302
1771002447.845983,14.170861,-1.497017,1.884647,1.476147,-0.005310,0.004846,-0.002156
1771002447.850964,14.175843,-1.501979,1.779324,1.567632,-0.004596,0.004777,-0.002239
1771002447.855956,14.180834,-1.458955,1.754370,1.587821,-0.004477,0.005248,-0.001140
1771002447.860935,14.185813,-1.483190,1.829181,1.594302,-0.004896,0.004779,-0.002774
1771002447.865929,14.190808,-1.511928,1.828499,1.540912,-0.004703,0.004966,-0.002203
1771002447.870901,14.195780,-1.496227,1.904507,1.536194,-0.005307,0.005346,-0.001959
1771002447.875876,14.200755,-1.500536,1.942246,1.521487,-0.005203,0.005275,-0.002002
1771002447.880865,14.205744,-1.519830,1.782689,1.512078,-0.004362,0.005591,-0.002036
1771002447.885833,14.210712,-1.520003,1.771786,1.499449,-0.004232,0.004786,-0.002535
1771002447.890834,14.215713,-1.506503,1.786261,1.537912,-0.004390,0.004675,-0.002239
1771002447.895804,14.220683,-1.530016,1.979774,1.487361,-0.006101,0.004767,-0.002398
1771002447.900793,14.225672,-1.761990,-1.236961,0.620723,0.013750,-0.000640,-0.008694
1771002447.905765,14.230644,0.375559,0.300463,-0.871064,-0.004455,-0.001883,-0.002528
1771002447.910749,14.235628,-0.035985,2.339044,-0.750650,-0.018090,-0.001023,-0.012467
1771002447.915718,14.240597,0.419904,0.434579,-0.924667,-0.005203,-0.001059,-0.002143
1771002447.920726,14.245604,0.385992,0.385795,-0.896321,-0.004666,-0.001386,-0.002311
1771002447.925713,14.250592,0.002551,2.372888,-0.816154,-0.018106,-0.000664,-0.012986
1771002447.931505,14.256384,0.401710,0.401741,-0.847235,-0.005665,-0.001344,-0.002842
1771002447.935662,14.260540,-0.013399,2.432197,-0.795521,-0.019541,-0.000253,-0.012523
1771002447.940640,14.265518,0.374796,0.391845,-0.775058,-0.005189,-0.001079,-0.002293
1771002447.945612,14.270490,0.346078,0.548553,-0.844059,-0.006078,-0.001081,-0.003373
1771002447.950620,14.275499,0.017969,2.320848,-0.776969,-0.018162,-0.000760,-0.012657
1771002447.955590,14.280469,0.609320,2.043596,-1.093813,-0.017972,0.007224,0.004724
1771002447.960578,14.285456,-1.531524,1.836377,1.484664,-0.005611,0.004396,-0.002681
1771002447.965611,14.290490,-1.483587,1.933936,1.392169,-0.005668,0.005730,-0.001728
1771002447.970558,14.295437,-1.508295,2.017988,1.428549,-0.006311,0.005225,-0.002357
1771002447.975505,14.300384,-1.506998,1.818793,1.426647,-0.004857,0.005404,-0.002211
1771002447.980535,14.305414,-1.523939,2.051550,1.408684,-0.006652,0.005258,-0.002342
1771002447.985466,14.310344,-1.460645,2.042202,1.419105,-0.006589,0.005336,-0.002212
1771002447.990484,14.315363,-1.469801,2.048777,1.362827,-0.006407,0.005710,-0.002443
1771002447.995610,14.320489,-1.486834,2.049952,1.386570,-0.006466,0.004815,-0.002404
1771002448.001152,14.326030,-1.509730,2.035663,1.335495,-0.006227,0.005312,-0.002434
1771002448.006230,14.331109,-1.506338,1.950934,1.381127,-0.005452,0.005413,-0.001769
1771002448.010889,14.335768,-1.496611,1.991595,1.365687,-0.006295,0.004906,-0.002630
1771002448.015387,14.340265,-1.552548,2.085447,1.353710,-0.006738,0.004473,-0.003095
1771002448.020346,14.345224,-0.294635,2.001582,1.679795,-0.004361,0.012241,-0.014727
1771002448.025325,14.350203,-1.549694,2.062676,1.391768,-0.006503,0.004891,-0.002327
1771002448.030319,14.355198,-1.534596,1.964286,1.411423,-0.005875,0.005526,-0.002498
1771002448.035306,14.360184,-1.432185,2.004362,1.377951,-0.006074,0.006146,-0.001444
1771002448.040285,14.365164,-1.496879,1.985805,1.440002,-0.006456,0.004668,-0.002699
1771002448.045274,14.370153,-1.535906,1.999286,1.384201,-0.006087,0.004728,-0.002312
1771002448.050252,14.375130,-1.513817,2.041206,1.403911,-0.006593,0.005033,-0.002068
1771002448.055227,14.380105,-1.513329,1.990146,1.381913,-0.005963,0.005044,-0.002462
1771002448.060215,14.385093,0.194134,1.536253,-1.449920,-0.001095,0.005914,-0.011257
1771002448.065177,14.390056,0.347126,0.311611,-0.875491,-0.004421,-0.001493,-0.003114
1771002448.070175,14.395054,-0.009736,2.471798,-0.851423,-0.019185,-0.000232,-0.012528
1771002448.075157,14.400036,0.375962,0.255354,-0.914321,-0.004651,-0.001449,-0.002771
1771002448.080574,14.405452,0.387132,0.387482,-0.888847,-0.005432,-0.001036,-0.002223
1771002448.085109,14.409988,-0.059283,2.424833,-0.794509,-0.018435,-0.000793,-0.013413
1771002448.090114,14.414993,0.389597,0.433999,-0.846989,-0.005776,-0.001513,-0.003034
1771002448.095432,14.420310,0.011321,2.392491,-0.782159,-0.019058,-0.000365,-0.012638
1771002448.100416,14.425294,-2.174666,3.098917,0.182381,-0.021356,-0.015161,-0.018576
1771002448.105392,14.430271,-1.513424,2.123510,1.429691,-0.006799,0.005265,-0.002676
1771002448.110383,14.435262,-1.487904,1.929071,1.437470,-0.005766,0.004954,-0.002034
1771002448.115360,14.440239,-1.564790,2.084849,1.451015,-0.006654,0.005184,-0.002629
1771002448.120350,14.445229,-1.476844,2.006803,1.434763,-0.006329,0.005163,-0.001914
1771002448.125336,14.450214,-1.521025,1.951663,1.458413,-0.005913,0.005027,-0.002431
1771002448.130306,14.455185,-1.550203,1.941967,1.431244,-0.005987,0.004882,-0.003194
1771002448.135293,14.460172,-1.472426,2.023033,1.473439,-0.006552,0.005432,-0.002535
1771002448.140278,14.465157,-1.522802,2.059623,1.475002,-0.007171,0.004608,-0.002838
1771002448.144909,14.469788,-1.509990,1.972443,1.438923,-0.006315,0.004999,-0.002939
1771002448.150236,14.475114,-1.459850,2.003740,1.427749,-0.006082,0.005808,-0.001804
1771002448.154868,14.479747,-1.479693,1.907356,1.446352,-0.005515,0.005764,-0.002342
1771002448.159853,14.484731,-1.525842,2.101380,1.483515,-0.007378,0.004903,-0.003503
1771002448.165187,14.490065,-1.542468,1.942839,1.442010,-0.005988,0.004800,-0.002753
1771002448.169819,14.494697,-1.541642,2.068207,1.462817,-0.006848,0.004561,-0.003235
1771002448.174798,14.499676,-1.520342,2.146536,1.414034,-0.007045,0.005480,-0.002550
1771002448.180124,14.505002,-1.492816,1.951730,1.448616,-0.006191,0.004994,-0.002779
1771002448.184747,14.509626,-1.459482,2.003934,1.423391,-0.006248,0.006157,-0.001991
1771002448.190098,14.514976,-1.505139,2.134538,1.398570,-0.006891,0.005571,-0.002438
1771002448.194726,14.519605,-1.508350,2.030329,1.486040,-0.006463,0.005155,-0.002195
1771002448.200061,14.524940,-1.494925,2.117685,1.454088,-0.007080,0.004858,-0.003038
1771002448.204692,14.529571,-1.493020,2.006655,1.479248,-0.006429,0.005323,-0.002598
1771002448.209693,14.534572,-1.522013,2.039464,1.441046,-0.006395,0.004882,-0.003109
1771002448.215008,14.539887,-1.484466,2.080589,1.448118,-0.006936,0.005602,-0.002338
1771002448.219635,14.544514,-1.485337,2.010758,1.487005,-0.006163,0.005510,-0.002422
1771002448.224658,14.549537,-1.488218,1.992920,1.456603,-0.006606,0.005256,-0.002054
1771002448.229943,14.554822,-1.447392,2.131046,1.438905,-0.007295,0.005278,-0.002441
1771002448.234587,14.559466,-1.472318,1.982890,1.481648,-0.006569,0.005066,-0.002494
1771002448.239909,14.564788,-1.513903,2.044976,1.423343,-0.006817,0.005115,-0.002926
1771002448.244545,14.569424,-1.506314,2.132851,1.414839,-0.006687,0.005960,-0.002105
1771002448.249523,14.574401,-1.510801,2.027163,1.415117,-0.006363,0.005031,-0.002935
1771002448.254852,14.579731,-1.546976,2.011789,1.415724,-0.006711,0.004494,-0.002418
1771002448.259489,14.584368,-1.561441,1.995981,1.357366,-0.006015,0.005041,-0.002620
1771002448.264460,14.589339,-1.513494,2.158283,1.395415,-0.007105,0.005578,-0.002877
1771002448.269443,14.594321,-1.458461,2.061051,1.425864,-0.006395,0.005659,-0.002155
1771002448.274439,14.599318,-1.533677,2.077424,1.412505,-0.006507,0.005244,-0.002975
1771002448.279424,14.604303,-1.495304,2.051364,1.438200,-0.006781,0.005296,-0.002093
1771002448.284394,14.609272,-1.539702,1.891567,1.439764,-0.005465,0.005109,-0.002820
1771002448.289377,14.614256,-1.478579,2.049713,1.456769,-0.006262,0.005429,-0.002285
1771002448.294360,14.619239,-1.531156,2.101086,1.523590,-0.007242,0.004826,-0.003104
1771002448.299343,14.624222,-1.523291,2.101277,1.485407,-0.007096,0.005330,-0.002581
1771002448.304337,14.629215,-1.483706,2.010090,1.506032,-0.006377,0.005204,-0.001831
1771002448.309310,14.634189,-1.523412,1.892499,1.497531,-0.005786,0.004693,-0.002845
1771002448.314288,14.639166,-1.451457,2.004519,1.484162,-0.005940,0.006177,-0.001999
1771002448.319264,14.644143,-1.478063,2.073843,1.471646,-0.006714,0.005406,-0.002871
1771002448.324240,14.649119,-1.520258,2.052114,1.463093,-0.006568,0.005087,-0.002716
1771002448.329229,14.654108,-1.525576,2.000305,1.418283,-0.006363,0.004764,-0.003125
1771002448.334209,14.659088,-1.497908,1.959093,1.414106,-0.006134,0.004969,-0.002465
1771002448.339196,14.664075,-1.442848,2.046499,1.356833,-0.006481,0.005877,-0.001567
1771002448.344178,14.669056,-1.473481,1.987432,1.413896,-0.006212,0.005314,-0.001801
1771002448.349162,14.674041,-1.498561,2.085772,1.422356,-0.006717,0.005617,-0.002004
1771002448.354135,14.679014,-1.489667,2.022967,1.481196,-0.006622,0.005132,-0.001956
1771002448.359124,14.684003,-1.478907,2.058937,1.406492,-0.006650,0.005518,-0.002583
1771002448.364119,14.688998,-1.605118,3.227134,0.883160,-0.022699,-0.001175,-0.006199
1771002448.369089,14.693968,-1.506022,1.988857,1.396178,-0.006229,0.005024,-0.002310
1771002448.374066,14.698945,-1.555036,2.113177,1.378303,-0.006605,0.005197,-0.002461
1771002448.379051,14.703930,-1.531702,2.079523,1.410860,-0.006874,0.005266,-0.002745
1771002448.384045,14.708924,-1.485507,1.966019,1.464555,-0.006284,0.005272,-0.002073
1771002448.389018,14.713896,-1.474043,1.987476,1.411944,-0.005991,0.005800,-0.001178
1771002448.394000,14.718879,-1.508213,2.010528,1.448781,-0.006202,0.005010,-0.002022
1771002448.398980,14.723859,-1.500898,1.910409,1.482433,-0.005698,0.004961,-0.002266
1771002448.403962,14.728841,-1.512109,2.078750,1.448140,-0.007169,0.005327,-0.002458
1771002448.408945,14.733823,-1.540941,2.101237,1.433856,-0.006806,0.004874,-0.002745
1771002448.414037,14.738915,-1.543729,1.989390,1.476219,-0.006271,0.004756,-0.002714
1771002448.419116,14.743994,-1.497768,2.006788,1.449426,-0.006148,0.005701,-0.002102
1771002448.423925,14.748803,-1.494139,1.895618,1.511899,-0.005870,0.005115,-0.001992
1771002448.428907,14.753786,-1.491047,1.890094,1.477484,-0.005756,0.005439,-0.001717
1771002448.433850,14.758728,-1.495171,2.079308,1.432305,-0.006731,0.005684,-0.002007
1771002448.438842,14.763721,-1.486691,1.862277,1.529287,-0.005478,0.004772,-0.003164
1771002448.443835,14.768714,-1.486203,2.037950,1.469306,-0.006812,0.005743,-0.002606
1771002448.448812,14.773690,-1.553371,2.028461,1.528815,-0.006611,0.004982,-0.002621
1771002448.453789,14.778668,-1.478683,1.917929,1.554752,-0.005983,0.005360,-0.002186
1771002448.458769,14.783647,-1.495812,1.941289,1.551857,-0.005649,0.005580,-0.002409
1771002448.463740,14.788618,-1.494868,1.904222,1.581684,-0.005992,0.005007,-0.002594
1771002448.468734,14.793613,-1.515811,1.902060,1.579097,-0.005772,0.005376,-0.002171
1771002448.473714,14.798593,-1.451136,1.981919,1.562430,-0.005740,0.005849,-0.001873
1771002448.478695,14.803574,-1.484969,1.987753,1.563747,-0.006441,0.005002,-0.002672
1771002448.483673,14.808552,-1.436799,1.901681,1.619726,-0.005450,0.005810,-0.001816
1771002448.488656,14.813535,-1.533137,1.903020,1.541617,-0.005708,0.005645,-0.002448
1771002448.493639,14.818518,-1.568348,1.891917,1.524552,-0.005778,0.005281,-0.002864
1771002448.498629,14.823508,-1.505797,1.858046,1.601499,-0.005373,0.005082,-0.002399
1771002448.503606,14.828485,-1.554250,1.923273,1.613186,-0.006079,0.004831,-0.003268
1771002448.508595,14.833474,-1.495777,1.900854,1.588427,-0.005662,0.005581,-0.002404
1771002448.513568,14.838447,-1.567324,1.883299,1.600554,-0.005690,0.004208,-0.003910
1771002448.518538,14.843417,-1.512872,1.914855,1.641851,-0.006338,0.004953,-0.002354
1771002448.523538,14.848416,-1.467673,1.987186,1.583968,-0.005988,0.006705,-0.001731
1771002448.528526,14.853404,-1.540830,1.776471,1.619226,-0.005126,0.004938,-0.002793
1771002448.533499,14.858377,-1.507502,1.947166,1.616143,-0.006411,0.005407,-0.002477
1771002448.538506,14.863385,-1.547406,1.989360,1.616801,-0.006505,0.004950,-0.002874
1771002448.543446,14.868325,-1.490758,1.876747,1.583570,-0.005383,0.004663,-0.002617
1771002448.548452,14.873330,-1.539764,2.044721,1.563105,-0.006563,0.005097,-0.003150
1771002448.553434,14.878313,-1.425910,2.040410,1.580060,-0.006520,0.006251,-0.001783
1771002448.558415,14.883294,-1.511725,2.013830,1.588188,-0.006359,0.005284,-0.002521
1771002448.563386,14.888265,-1.460209,2.032302,1.545876,-0.006441,0.005894,-0.001900
1771002448.568388,14.893266,-1.507349,1.814309,1.605932,-0.005454,0.004804,-0.002589
1771002448.573349,14.898227,-1.490385,1.933383,1.585485,-0.005849,0.005366,-0.002562
1771002448.578344,14.903223,-1.498974,1.954154,1.558950,-0.006022,0.005307,-0.002379
1771002448.583322,14.908201,-1.440720,1.768398,1.609361,-0.005874,0.005692,-0.001945
1771002448.588310,14.913189,0.335763,0.373365,-0.672407,-0.005322,-0.001533,-0.002946
1771002448.593288,14.918167,0.334337,0.404450,-0.632573,-0.005312,-0.001567,-0.002783
1771002448.598269,14.923147,0.328722,0.388204,-0.679527,-0.004776,-0.001161,-0.002786
1771002448.603236,14.928115,0.303826,0.333270,-0.570716,-0.004958,-0.001534,-0.003076
1771002448.608222,14.933101,-0.111746,-1.073131,0.446046,0.018941,0.007256,-0.010347
1771002448.613209,14.938087,-1.511054,1.895253,1.629788,-0.005941,0.005305,-0.002000
1771002448.618196,14.943074,-1.458053,1.760932,1.675209,-0.004865,0.005764,-0.001437
1771002448.623171,14.948049,-1.481229,1.933597,1.686790,-0.006590,0.005611,-0.001907
1771002448.628161,14.953040,-1.414987,1.704340,1.749968,-0.005798,0.005099,-0.001969
1771002448.633149,14.958028,-1.472061,1.938437,1.721258,-0.006416,0.005614,-0.002258
1771002448.638132,14.963010,-1.460427,1.817713,1.709918,-0.005786,0.005953,-0.001930
1771002448.643097,14.967975,-1.499986,1.890954,1.645629,-0.005919,0.005479,-0.002198
1771002448.648073,14.972952,0.860478,1.318278,1.455873,0.005339,0.010403,0.012438
1771002448.653057,14.977936,-0.787456,-0.849656,0.820057,0.036332,-0.029071,-0.008849
1771002448.658043,14.982921,-0.973174,-0.065535,-0.357267,0.064607,-0.057178,-0.014123
1771002448.663031,14.987909,-1.133877,-2.975665,-1.222650,0.124838,-0.103262,-0.015563
1771002448.668019,14.992897,-0.393555,-0.542614,-1.866924,0.141257,-0.122585,-0.004032
1771002448.672991,14.997869,0.983557,1.036171,-3.988684,0.146284,-0.123864,-0.007277
1771002448.677970,15.002849,-1.748878,-0.333275,-1.801892,0.151826,-0.161872,-0.009421
1771002448.682960,15.007839,-0.680024,0.236047,-1.815044,0.146004,-0.158123,0.001756
1771002448.687943,15.012822,-1.359977,-1.370713,-2.541701,0.170146,-0.155251,0.005129
1771002448.692926,15.017805,-0.833598,-0.604688,-1.065940,0.135072,-0.120556,-0.003224
1771002448.697908,15.022786,-0.583435,1.552105,-1.504719,0.098132,-0.110176,-0.014896
1771002448.702882,15.027761,-0.035316,0.875518,-1.440732,0.112050,-0.096440,-0.009801
1771002448.707860,15.032739,-0.026724,0.933730,-1.182914,0.104473,-0.098521,-0.011834
1771002448.712847,15.037726,-0.469617,0.738231,-1.608300,0.107433,-0.108362,-0.019749
1771002448.717826,15.042704,-0.951943,0.688777,-1.309291,0.116946,-0.121340,0.000911
1771002448.722816,15.047694,0.576666,-1.543380,-1.767827,0.148678,-0.118638,0.004399
1771002448.727788,15.052667,-1.115008,0.073926,-2.044900,0.122683,-0.153522,0.009923
1771002448.732773,15.057651,-1.588027,2.093532,-2.301582,0.106488,-0.183486,0.029788
1771002448.737760,15.062638,-1.956904,2.417712,-2.805336,0.119837,-0.208628,0.016831
1771002448.742748,15.067627,-1.113165,0.879376,-2.884323,0.133872,-0.211314,-0.002620
1771002448.747724,15.072602,-1.356338,2.163867,-3.754045,0.126804,-0.217165,0.000701
1771002448.752697,15.077575,-2.830031,-0.085937,-2.765044,0.132920,-0.231946,-0.015935
1771002448.757693,15.082571,-3.806819,-0.576662,-1.560877,0.134308,-0.223039,-0.016710
1771002448.762663,15.087542,-3.056890,0.665207,-1.957538,0.131030,-0.213677,-0.016178
1771002448.767658,15.092537,-1.796272,1.957108,-2.625857,0.128110,-0.203924,0.004010
1771002448.772630,15.097509,-1.646978,1.837369,-2.688017,0.129780,-0.204064,0.004450
1771002448.777605,15.102483,-1.666982,1.921480,-2.711462,0.128176,-0.205455,0.005485
1771002448.782573,15.107451,-1.363060,1.892971,-2.706620,0.117179,-0.194733,0.007747
1771002448.787586,15.112465,-1.835100,1.740641,-3.046336,0.117569,-0.203142,-0.017495
1771002448.792552,15.117431,-2.215140,0.918729,-2.706632,0.129128,-0.212458,-0.020228
1771002448.797540,15.122419,-2.401418,1.712115,-1.957705,0.122200,-0.208077,-0.030420
1771002448.802520,15.127398,-2.880426,2.046616,-2.404512,0.118552,-0.217580,-0.033858
1771002448.807500,15.132379,-2.438882,1.328726,-1.606248,0.121060,-0.205307,-0.033442
1771002448.812482,15.137361,-2.288226,1.709635,-1.886630,0.120783,-0.205570,-0.030461
1771002448.817461,15.142339,-1.708560,2.156105,-2.224703,0.109026,-0.194216,-0.025847
1771002448.822450,15.147328,-1.764421,1.598714,-3.078035,0.113997,-0.201751,-0.013378
1771002448.827425,15.152304,-3.064269,-0.874524,-1.476274,0.109409,-0.208955,-0.020491
1771002448.832410,15.157289,-1.511974,-0.363887,-2.003227,0.123600,-0.173444,-0.012590
1771002448.837398,15.162277,-1.437828,0.035781,-2.374279,0.134935,-0.169856,-0.008277
1771002448.842377,15.167255,-1.373441,0.531832,-2.582927,0.132310,-0.169938,-0.007663
1771002448.847354,15.172233,-1.306772,0.730185,-2.674881,0.131721,-0.169861,-0.006465
1771002448.852344,15.177222,-1.278049,0.386463,-2.571307,0.135040,-0.170239,-0.006862
1771002448.857313,15.182191,-1.289895,0.425241,-2.323428,0.124218,-0.174702,-0.008894
1771002448.862295,15.187173,-1.435022,0.847254,-2.392105,0.117901,-0.182803,-0.011535
1771002448.867271,15.192150,-1.509118,0.140736,-2.275792,0.121775,-0.182941,-0.015408
1771002448.872257,15.197135,-2.818441,-0.269646,-1.732958,0.122011,-0.196472,-0.003376
1771002448.877255,15.202134,-3.254623,0.435360,-2.240285,0.118884,-0.205290,-0.005166
1771002448.882276,15.207155,-2.235419,-0.225902,-2.658987,0.133096,-0.201340,-0.005371
1771002448.887193,15.212072,-3.038447,-1.536842,-1.434224,0.137291,-0.216821,-0.018509
1771002448.892197,15.217076,-1.806058,1.588135,-2.443072,0.131482,-0.202298,0.002327
1771002448.897168,15.222047,-1.940170,1.330588,-2.090543,0.132825,-0.201597,-0.000738
1771002448.902160,15.227039,-2.088661,0.697741,-1.790577,0.136114,-0.201372,-0.002972
1771002448.907137,15.232016,-2.298079,0.259571,-2.193546,0.147396,-0.209727,-0.017814
1771002448.912113,15.236992,-2.753841,1.543487,-3.001235,0.141640,-0.219444,-0.017627
1771002448.917095,15.241973,-3.312178,-1.496735,-1.739884,0.150558,-0.220483,-0.025594
1771002448.922075,15.246953,-3.677377,-0.743110,-1.765642,0.147911,-0.223862,-0.025292
1771002448.927058,15.251936,-1.414411,0.645570,-3.649213,0.158565,-0.196777,-0.029449
1771002448.932036,15.256915,-1.587936,1.565335,-4.038317,0.163256,-0.194507,-0.024690
1771002448.937019,15.261898,-1.948726,-0.664941,-2.626587,0.170220,-0.193300,-0.030849
1771002448.942004,15.266883,-1.826355,-1.696954,-3.726812,0.179808,-0.198116,-0.019259
1771002448.946994,15.271873,-1.776329,-2.055806,-2.200423,0.168493,-0.178713,-0.025122
1771002448.951965,15.276844,-1.311475,-1.159285,-2.354079,0.153965,-0.171928,-0.020144
1771002448.956946,15.281825,-1.218248,-0.735824,-2.529983,0.152940,-0.173050,-0.017716
1771002448.961927,15.286805,-1.099742,-0.049540,-2.747168,0.150209,-0.173492,-0.014287
1771002448.966929,15.291808,-0.982066,0.230101,-2.947300,0.149553,-0.173732,-0.011550
1771002448.971902,15.296781,-0.950239,0.198302,-2.897640,0.149084,-0.173465,-0.012094
1771002448.976878,15.301757,-0.921287,0.054771,-2.961641,0.150177,-0.173784,-0.012575
1771002448.981853,15.306732,-0.116674,-0.730338,-4.317717,0.164827,-0.169666,-0.010539
1771002448.986845,15.311723,-1.036177,-0.593938,-2.856861,0.153274,-0.173270,-0.016650
1771002448.991822,15.316700,-1.804706,-1.077209,-3.428106,0.157748,-0.187075,-0.012103
1771002448.996812,15.321690,-1.716458,-1.130065,-2.960454,0.157965,-0.182839,-0.013893
1771002449.001784,15.326663,-1.624955,-1.163682,-2.999382,0.158215,-0.182181,-0.014300
1771002449.006762,15.331641,-1.577278,-1.298691,-2.973498,0.158385,-0.181804,-0.014601
1771002449.011747,15.336626,-1.584702,-1.673859,-3.427491,0.158643,-0.185762,-0.013201
1771002449.016728,15.341607,-1.498015,-1.620849,-3.544948,0.158457,-0.185661,-0.012614
1771002449.021713,15.346591,-1.461594,-1.455807,-3.604857,0.157570,-0.186568,-0.011955
1771002449.026693,15.351572,-1.385358,-1.380535,-3.652233,0.157001,-0.186934,-0.010760
1771002449.032129,15.357008,-2.363658,-0.784790,-2.930718,0.142807,-0.188166,-0.011260
1771002449.036953,15.361831,-2.259535,-0.187931,-2.679950,0.140080,-0.185484,-0.010688
1771002449.041751,15.366630,-1.687971,-1.764201,-2.636328,0.152500,-0.171376,-0.007004
1771002449.046616,15.371495,-1.616029,-1.448291,-2.759265,0.150280,-0.172545,-0.004188
1771002449.051599,15.376478,-1.436370,-0.649888,-2.477735,0.147132,-0.168333,0.000118
1771002449.056581,15.381459,-1.300242,-0.355879,-2.481022,0.143911,-0.168328,0.003614
1771002449.061560,15.386439,-3.314417,1.794893,-1.819982,0.106274,-0.168298,-0.019688
1771002449.066580,15.391459,-1.950293,1.940691,-2.245631,0.112180,-0.155567,-0.030660
1771002449.071525,15.396404,-1.502442,1.623836,-1.563079,0.112674,-0.144557,-0.026979
1771002449.076506,15.401385,-1.394026,1.287664,-2.022950,0.116120,-0.141576,-0.024431
1771002449.081484,15.406362,-0.821441,2.533472,-3.738328,0.118015,-0.135770,-0.009404
1771002449.086494,15.411373,-1.054826,-0.413112,-1.971922,0.131270,-0.136870,-0.015234
1771002449.091453,15.416332,-0.844734,0.243753,-1.805006,0.127279,-0.132813,-0.013033
1771002449.096442,15.421320,-1.600985,0.213530,-1.516575,0.103643,-0.129509,-0.012528
1771002449.101417,15.426296,-1.081001,-0.352699,-1.159238,0.107988,-0.121032,-0.007436
1771002449.106398,15.431277,-0.871503,0.160227,-0.904311,0.105261,-0.116529,-0.005009
1771002449.111377,15.436256,-1.923305,0.169559,-1.248583,0.100976,-0.129718,-0.017234
1771002449.116364,15.441243,-0.786765,-1.698627,-1.308916,0.120376,-0.123038,0.005946
1771002449.121344,15.446223,-1.814780,0.340775,-1.286625,0.097735,-0.130554,-0.014720
1771002449.126327,15.451205,-1.675986,0.593217,-1.371821,0.095583,-0.130064,-0.012851
1771002449.131308,15.456187,-2.662355,0.016824,-0.866650,0.090306,-0.127058,-0.016930
1771002449.136285,15.461164,-2.481313,-0.209363,-0.831737,0.091606,-0.125355,-0.016138
1771002449.141271,15.466150,-2.150048,3.094277,-2.646748,0.074864,-0.124051,-0.006026
1771002449.146251,15.471129,-2.005352,2.729998,-2.483868,0.076618,-0.123341,-0.006782
1771002449.151233,15.476112,-0.857507,2.450588,-2.331809,0.080744,-0.110286,0.005941
1771002449.156216,15.481095,-0.756790,2.219599,-2.263914,0.082159,-0.109116,0.005377
1771002449.161201,15.486080,-1.528641,2.138993,-2.339340,0.080906,-0.122507,0.010589
1771002449.166181,15.491059,-1.456552,1.880848,-2.223969,0.082548,-0.121610,0.010171
1771002449.171165,15.496043,-1.423326,1.804330,-2.159940,0.082538,-0.121214,0.008978
1771002449.176145,15.501024,-1.944193,1.230160,-0.880764,0.066122,-0.141799,-0.001503
1771002449.181128,15.506006,-1.787507,0.746893,-0.811428,0.068840,-0.139180,-0.005724
1771002449.186110,15.510989,-1.713679,0.138388,-0.614684,0.070831,-0.137623,-0.009196
1771002449.191093,15.515972,-0.709007,-0.693371,-1.112345,0.082554,-0.133999,-0.009260
1771002449.196072,15.520951,-1.139435,2.085488,-2.147900,0.072969,-0.139485,0.000391
1771002449.201057,15.525936,-1.090198,1.255045,-1.711128,0.079195,-0.136642,-0.003527
1771002449.206031,15.530910,-1.370175,1.493167,-2.221454,0.076451,-0.144249,-0.006999
1771002449.211017,15.535896,-1.380816,0.747909,-1.754648,0.070223,-0.148949,-0.012126
1771002449.215995,15.540873,-0.490091,3.910104,-5.059984,0.064371,-0.153411,-0.020895
1771002449.220984,15.545862,-1.479043,3.739668,-5.946323,0.064345,-0.170407,-0.006213
1771002449.225965,15.550844,-1.440674,3.359491,-5.711799,0.066922,-0.168392,-0.008149
1771002449.230946,15.555825,-1.497136,4.330779,-5.250739,0.061535,-0.166413,-0.017675
1771002449.235926,15.560805,-0.840560,4.162973,-4.622742,0.073566,-0.159519,-0.025019
1771002449.240913,15.565792,-1.818843,2.512548,-1.719151,0.073184,-0.177246,0.000699
1771002449.245893,15.570771,-1.796118,2.305665,-1.552025,0.074502,-0.176326,-0.000818
1771002449.250880,15.575759,-1.804083,2.022629,-1.317265,0.075304,-0.175827,-0.002654
1771002449.255860,15.580738,-1.761949,1.645764,-1.253890,0.077727,-0.175614,-0.004355
1771002449.260843,15.585722,-1.716951,0.850122,-0.833860,0.081628,-0.173799,-0.007253
1771002449.265816,15.590695,-2.099374,0.595390,-0.618363,0.081815,-0.188461,-0.013606
1771002449.270800,15.595679,-2.167284,3.647874,-2.401929,0.065551,-0.193391,-0.009942
1771002449.275787,15.600666,-1.885516,3.188058,-2.851277,0.079682,-0.201145,-0.003740
1771002449.280770,15.605649,-1.973159,2.672687,-2.408158,0.081134,-0.200246,-0.007659
1771002449.285759,15.610638,-2.785776,2.216961,-2.253998,0.079348,-0.202272,-0.008822
1771002449.290743,15.615622,-0.516453,1.499890,-2.830407,0.089451,-0.185764,-0.010368
1771002449.295716,15.620595,-1.054274,3.412548,-4.465620,0.058353,-0.196402,-0.030043
1771002449.300696,15.625575,-0.580881,4.056756,-5.552481,0.076125,-0.180092,-0.013826
1771002449.305689,15.630567,-0.682112,4.746542,-5.875554,0.073107,-0.183629,-0.010620
1771002449.310660,15.635538,-0.803270,4.947765,-6.044724,0.073200,-0.185738,-0.011086
1771002449.315646,15.640525,-1.501099,3.268596,-3.105172,0.087791,-0.191430,-0.007808
1771002449.320625,15.645504,-2.939580,1.370384,-1.206192,0.091520,-0.198560,-0.018164
1771002449.325611,15.650490,-2.654540,-0.218386,-1.695858,0.101930,-0.200554,-0.009885
1771002449.330587,15.655466,-2.717760,0.036237,-1.717249,0.101753,-0.201539,-0.010750
1771002449.335573,15.660452,-2.764143,-1.554835,-0.752193,0.111095,-0.200106,0.023772
1771002449.340558,15.665436,-2.791518,-1.595273,-0.728040,0.112304,-0.201258,0.023226
1771002449.345538,15.670417,-2.707270,-1.758679,-0.706199,0.114982,-0.200760,0.019525
1771002449.350524,15.675402,-2.891070,-1.454580,-0.875826,0.109715,-0.210743,0.016853
1771002449.355501,15.680380,-2.540821,2.441458,-2.264978,0.084987,-0.208819,0.023638
1771002449.360485,15.685364,-2.642733,2.547915,-2.318327,0.085556,-0.209607,0.022904
1771002449.365457,15.690336,-1.821837,3.142754,-3.830712,0.092093,-0.215401,0.024809
1771002449.370447,15.695326,-1.700311,2.067616,-2.583801,0.098469,-0.205290,0.021945
1771002449.375430,15.700309,-1.986671,2.803122,-3.392329,0.093040,-0.214809,0.021638
1771002449.380414,15.705292,-1.954844,2.586067,-3.190573,0.093716,-0.213316,0.020540
1771002449.385397,15.710276,-1.937280,2.540321,-3.155036,0.094136,-0.212907,0.020170
1771002449.390373,15.715252,-1.960786,2.146991,-2.881939,0.096050,-0.212655,0.018323
1771002449.395358,15.720236,-2.352295,2.113444,-2.822141,0.106348,-0.223482,0.016403
1771002449.400338,15.725216,-2.418045,2.263788,-2.848957,0.106432,-0.222612,0.015181
1771002449.405323,15.730201,-2.524442,2.672079,-3.127319,0.105423,-0.224067,0.016332
1771002449.410301,15.735180,-1.765782,2.518113,-2.795483,0.105494,-0.209538,0.010886
1771002449.415291,15.740170,-1.785668,2.468278,-2.763503,0.106012,-0.209444,0.009722
1771002449.420265,15.745143,-2.572533,2.346323,-2.807430,0.106316,-0.222962,0.015126
1771002449.425247,15.750126,-2.503977,2.241740,-2.755466,0.106520,-0.221711,0.014373
1771002449.430229,15.755107,-2.418569,1.914717,-2.601644,0.107778,-0.220402,0.014473
1771002449.435228,15.760106,-2.419677,1.642743,-2.482196,0.108134,-0.220499,0.013807
1771002449.440646,15.765525,-2.351196,1.469093,-2.455979,0.108078,-0.219766,0.012825
1771002449.445642,15.770521,-1.951450,1.346678,-2.316413,0.097482,-0.208072,0.014292
1771002449.450194,15.775073,-1.885937,1.817940,-2.652545,0.095361,-0.208919,0.017456
1771002449.455139,15.780018,-1.846055,2.053268,-2.893948,0.093360,-0.210589,0.020262
1771002449.460119,15.784998,-1.428057,1.646303,-2.443946,0.097079,-0.201616,0.023710
1771002449.465113,15.789992,-2.315888,1.997915,-2.082052,0.083594,-0.205884,0.025234
1771002449.470089,15.794967,-2.119087,1.716176,-1.912526,0.087522,-0.196862,0.026456
1771002449.475067,15.799946,-2.011306,2.053547,-2.180721,0.084903,-0.197282,0.028152
1771002449.480046,15.804924,-1.829249,2.024667,-2.333452,0.084313,-0.197133,0.029771
1771002449.485027,15.809906,-1.690654,2.032934,-2.445114,0.083144,-0.196903,0.032505
1771002449.490010,15.814888,-1.199059,2.007539,-2.528622,0.071061,-0.187240,0.035042
1771002449.495062,15.819941,-1.783475,1.130980,-0.906514,0.065980,-0.179634,0.034943
1771002449.499977,15.824856,-1.659205,1.271612,-1.087849,0.064507,-0.180591,0.037072
1771002449.504960,15.829838,-1.550358,1.302612,-1.228284,0.063802,-0.181377,0.039053
1771002449.509939,15.834817,-2.189249,1.433129,-1.751362,0.060398,-0.197571,0.048932
1771002449.514921,15.839799,-1.948924,1.117143,-1.469838,0.065121,-0.187417,0.049372
1771002449.519905,15.844783,-1.163107,0.862486,-0.504781,0.060506,-0.164476,0.034010
1771002449.524886,15.849764,-1.972554,1.356709,-0.730437,0.054230,-0.173604,0.021830
1771002449.529871,15.854749,-1.898072,1.487322,-0.813191,0.051992,-0.174489,0.024878
1771002449.534851,15.859729,-1.326414,1.519273,-0.876462,0.041576,-0.162109,0.026863
1771002449.539830,15.864709,-1.182090,1.480224,-0.963016,0.039340,-0.162537,0.029453
1771002449.544813,15.869692,-0.996219,1.720790,-1.217274,0.035943,-0.162616,0.032715
1771002449.549802,15.874680,-0.868873,2.078569,-1.488945,0.032010,-0.163726,0.036192
1771002449.554774,15.879653,-1.592046,2.601666,-0.049618,0.023141,-0.147792,0.026729
1771002449.559758,15.884637,-1.473206,2.835353,-0.146750,0.020165,-0.148275,0.029882
1771002449.564745,15.889623,-1.333008,3.027357,-0.274835,0.017915,-0.148174,0.032289
1771002449.569723,15.894602,-1.244626,2.918743,-0.232219,0.016486,-0.148349,0.034516
1771002449.574704,15.899583,-2.240094,3.406057,-0.235876,0.010528,-0.158064,0.021245
1771002449.579687,15.904565,-2.070776,3.440424,-0.394810,0.009133,-0.158360,0.024450
1771002449.584668,15.909546,-1.548230,3.458008,-0.367076,-0.004560,-0.145677,0.026757
1771002449.589651,15.914530,-1.459211,3.415972,-0.379908,-0.005507,-0.145164,0.029141
1771002449.594654,15.919532,-0.543565,3.967120,-1.933379,-0.004936,-0.127127,0.027726
1771002449.599594,15.924473,-0.983071,4.168855,-3.118945,0.006127,-0.134920,0.020051
1771002449.604609,15.929487,-0.928453,4.082756,-3.060658,0.006878,-0.135245,0.020685
1771002449.609571,15.934449,-0.960744,4.075094,-3.128250,0.006077,-0.137231,0.021509
1771002449.614560,15.939439,-0.401139,4.043810,-2.429345,-0.001231,-0.120944,0.021657
1771002449.619524,15.944403,-2.110049,2.873391,0.308928,-0.013654,-0.144153,0.031647
1771002449.624530,15.949409,-1.653831,4.024198,-0.758565,-0.011676,-0.137281,0.043712
1771002449.629504,15.954383,-1.619728,4.224299,-0.924597,-0.012156,-0.137741,0.044899
1771002449.634500,15.959379,-1.637775,3.556021,-0.700016,0.008019,-0.123534,0.043562
1771002449.639475,15.964353,-1.709164,4.012610,-0.913964,0.000969,-0.132829,0.045297
1771002449.644508,15.969387,-1.701533,4.033121,-1.010658,0.002152,-0.132412,0.045422
1771002449.649423,15.974302,-1.782713,4.215628,-1.212852,0.001011,-0.133246,0.046178
1771002449.654407,15.979285,-1.813192,4.304171,-1.320630,0.001275,-0.132977,0.046343
1771002449.659387,15.984265,-2.243439,5.344878,-2.481094,-0.007570,-0.144381,0.047620
1771002449.664369,15.989248,-1.925573,2.854428,-1.100702,0.011697,-0.139369,0.055663
1771002449.669355,15.994234,-1.761946,0.770686,-0.147477,0.021466,-0.136335,0.042096
1771002449.674340,15.999219,-1.829485,0.933698,-0.241630,0.021290,-0.137324,0.042951
1771002449.679316,16.004194,-1.888378,1.190105,-0.328330,0.021172,-0.137220,0.042225
1771002449.684302,16.009180,-2.001707,1.112776,-0.335964,0.022494,-0.138867,0.042712
1771002449.689280,16.014159,-2.060232,1.573856,-0.453869,0.020376,-0.138619,0.043253
1771002449.694261,16.019140,-2.223090,1.691574,-0.546386,0.020796,-0.140003,0.042740
1771002449.699243,16.024122,-2.320231,1.903166,-0.545654,0.020712,-0.139770,0.041361
1771002449.704229,16.029108,-2.429361,1.743091,-0.487012,0.021963,-0.140177,0.040623
1771002449.709207,16.034086,-1.463236,1.725781,-0.892538,0.035130,-0.135728,0.040791
1771002449.714188,16.039067,-1.553414,1.683425,-0.871196,0.035630,-0.135382,0.038402
1771002449.719174,16.044052,-1.643404,1.588986,-0.817896,0.036643,-0.135440,0.038166
1771002449.724155,16.049034,-1.739943,1.614683,-0.804675,0.036484,-0.135324,0.037637
1771002449.729726,16.054605,-2.050741,2.563725,-1.645755,0.031368,-0.144021,0.036757
1771002449.734127,16.059006,-2.544162,2.680734,-1.778759,0.040881,-0.156381,0.036201
1771002449.739103,16.063982,-2.607408,2.745707,-1.760718,0.040910,-0.156124,0.034985
1771002449.744086,16.068964,-2.625192,2.901221,-1.894645,0.040593,-0.156000,0.034471
1771002449.749068,16.073947,-2.654307,3.052503,-1.989293,0.039621,-0.155565,0.033584
1771002449.754049,16.078927,-2.707724,2.889717,-1.853745,0.040775,-0.155487,0.032793
1771002449.759028,16.083906,-2.789814,2.996354,-1.873160,0.040068,-0.155915,0.030886
1771002449.764012,16.088891,-3.007263,3.379720,-2.126632,0.035686,-0.166252,0.032516
1771002449.768994,16.093872,-3.016914,3.436944,-2.173217,0.035295,-0.166119,0.032744
1771002449.773973,16.098852,-3.209490,-0.366595,-0.103986,0.055684,-0.160081,0.026732
1771002449.778958,16.103836,-2.462397,-0.074898,-0.040884,0.054694,-0.146025,0.020471
1771002449.783937,16.108816,-2.454101,-0.006251,-0.115327,0.054965,-0.146368,0.021329
1771002449.788916,16.113795,-2.431302,0.249428,-0.197948,0.053965,-0.146736,0.022953
1771002449.793906,16.118785,-2.505079,-0.194365,-0.358208,0.067154,-0.145260,0.022441
1771002449.798885,16.123764,-2.407469,0.219668,-0.181313,0.054137,-0.146497,0.022624
1771002449.803864,16.128743,-2.362012,0.296295,-0.188851,0.053725,-0.145704,0.021627
1771002449.808845,16.133723,-2.300020,-0.077224,-0.167280,0.055417,-0.145599,0.021587
1771002449.813840,16.138718,-3.152412,-0.202320,-0.259260,0.055036,-0.161198,0.027994
1771002449.818817,16.143696,-2.705643,3.006845,-2.027507,0.040338,-0.157042,0.033629
1771002449.823784,16.148662,-2.645338,2.927310,-1.992476,0.041117,-0.156280,0.033383
1771002449.828758,16.153637,-2.600245,2.980147,-1.933765,0.040100,-0.155688,0.034391
1771002449.833760,16.158638,-2.529154,2.752695,-1.873685,0.042112,-0.155569,0.035552
1771002449.838737,16.163616,-2.471759,2.955927,-1.973144,0.040207,-0.155151,0.035460
1771002449.843822,16.168701,-1.998179,2.756325,-1.803100,0.030895,-0.142838,0.036798
1771002449.848732,16.173611,-1.887245,2.680924,-1.747845,0.030544,-0.141976,0.037077
1771002449.853697,16.178576,-1.825630,2.568885,-1.678170,0.031037,-0.142190,0.037459
1771002449.858671,16.183550,-1.676677,2.252331,-1.534162,0.031696,-0.140499,0.037805
1771002449.863779,16.188657,-1.609309,2.078712,-1.418394,0.032249,-0.139812,0.038272
1771002449.868642,16.193520,-1.537642,1.713955,-1.230425,0.032628,-0.139976,0.038335
1771002449.873614,16.198493,-1.119229,0.762993,-0.639621,0.039760,-0.129865,0.038166
1771002449.878602,16.203481,-0.765949,2.783110,-0.614654,0.016747,-0.113723,0.011937
1771002449.883575,16.208454,-0.640600,2.688418,-0.522110,0.016315,-0.112858,0.013773
1771002449.888583,16.213462,-1.325520,2.555168,-0.580343,0.015847,-0.127597,0.022023
1771002449.893528,16.218406,-2.280604,2.953967,-0.463420,0.010062,-0.136664,0.007572
1771002449.898908,16.223786,-2.100648,3.039364,-0.584005,0.008408,-0.135993,0.008895
1771002449.903516,16.228395,-1.643369,5.695750,-3.927635,-0.032895,-0.117257,0.012944
1771002449.908480,16.233359,-1.545004,5.718805,-4.134019,-0.032852,-0.119777,0.014363
1771002449.913471,16.238349,-1.427017,5.714777,-4.158487,-0.033562,-0.120439,0.016161
1771002449.918882,16.243761,-2.145247,6.063808,-3.486071,-0.037530,-0.125121,0.002184
1771002449.923881,16.248760,-2.060561,5.879584,-4.092651,-0.036146,-0.137180,0.025610
1771002449.928506,16.253385,-1.792599,5.342928,-3.957183,-0.028552,-0.127197,0.025778
1771002449.933399,16.258278,-1.717916,5.232787,-3.880564,-0.028455,-0.128029,0.026717
1771002449.938366,16.263245,-1.360653,5.443277,-3.848093,-0.041082,-0.114240,0.009314
1771002449.943341,16.268220,-1.267879,5.241776,-3.676887,-0.039972,-0.114312,0.010300
1771002449.948795,16.273674,-2.366410,5.074342,-3.235965,-0.038091,-0.135523,0.026664
1771002449.953775,16.278654,-2.308574,5.165120,-3.311439,-0.039782,-0.134086,0.027112
1771002449.958735,16.283613,-0.980922,5.003193,-3.565061,-0.039387,-0.112696,0.010611
1771002449.963315,16.288193,-1.513594,4.548640,-2.633011,-0.035089,-0.115921,-0.003188
1771002449.968271,16.293150,-1.438261,4.583857,-2.722359,-0.035692,-0.114450,-0.002060
1771002449.973253,16.298132,-1.414299,4.525800,-2.609367,-0.036249,-0.114476,-0.001325
1771002449.978215,16.303093,-1.347952,4.474640,-2.582742,-0.036348,-0.113968,-0.000683
1771002449.983194,16.308073,-1.316840,4.318424,-2.446781,-0.034705,-0.115031,-0.001228
1771002449.988754,16.313633,-1.390463,6.538033,-4.283273,-0.052780,-0.108157,0.010184
1771002449.993167,16.318046,-1.339553,6.518446,-4.221238,-0.053665,-0.107241,0.009253
1771002449.998271,16.323150,-1.241169,6.343933,-4.141582,-0.053360,-0.105633,0.009345
1771002450.003136,16.328015,-1.473603,6.482489,-3.878015,-0.058050,-0.108326,0.007424
1771002450.008105,16.332984,-1.310180,2.095398,0.293607,-0.029139,-0.121125,0.024004
1771002450.013087,16.337965,-1.040571,4.789352,-1.271130,-0.054348,-0.109379,0.030840
1771002450.018428,16.343307,-0.931523,4.598123,-1.118661,-0.052778,-0.106894,0.028943
1771002450.023434,16.348313,-0.912104,4.409995,-0.941061,-0.051109,-0.107060,0.027457
1771002450.028090,16.352968,-0.845677,4.620823,-0.892864,-0.057557,-0.114153,0.028148
1771002450.033002,16.357881,-0.769941,4.470265,-0.788496,-0.055953,-0.112677,0.026021
1771002450.037993,16.362872,-1.252899,5.864470,-3.281561,-0.060310,-0.121359,0.027676
1771002450.042990,16.367869,-2.828296,5.816936,-3.204400,-0.060965,-0.143247,0.018527
1771002450.048356,16.373235,-2.773941,5.381674,-2.697483,-0.057751,-0.142289,0.015386
1771002450.053041,16.377919,-1.846249,4.841267,-2.709851,-0.054284,-0.133449,0.026515
1771002450.058357,16.383235,-0.898677,6.661510,-4.369861,-0.061850,-0.114805,0.030557
1771002450.062943,16.387822,-3.155557,2.949437,0.460124,-0.046266,-0.158572,0.037564
1771002450.067960,16.392838,-3.141457,2.541703,0.638206,-0.042269,-0.157545,0.034560
1771002450.072885,16.397764,-2.036114,2.447043,0.379014,-0.030436,-0.149570,0.035456
1771002450.077854,16.402733,-2.106389,2.228681,0.502133,-0.028485,-0.149817,0.033902
1771002450.082830,16.407709,-2.074542,2.306170,0.470705,-0.028324,-0.148737,0.034376
1771002450.087794,16.412673,-2.137744,2.256431,0.460344,-0.028216,-0.149671,0.033971
1771002450.092808,16.417687,-2.170223,2.340998,0.445164,-0.028945,-0.150618,0.034679
1771002450.097787,16.422666,-2.197616,2.682179,0.261967,-0.030830,-0.151423,0.035843
1771002450.102768,16.427647,-2.342983,2.511524,0.184778,-0.018510,-0.148447,0.037803
1771002450.107744,16.432622,-2.556014,3.190426,0.424831,-0.033847,-0.139399,0.031565
1771002450.112719,16.437598,-2.649767,3.409442,0.342008,-0.035364,-0.141385,0.033123
1771002450.117704,16.442583,-2.672565,3.522278,0.261852,-0.036810,-0.142265,0.034810
1771002450.122692,16.447570,-2.703344,3.641951,0.206167,-0.037065,-0.142850,0.035297
1771002450.127698,16.452577,-2.765746,3.756608,0.122108,-0.037355,-0.143902,0.036579
1771002450.132654,16.457533,-1.507761,4.366927,-0.285264,-0.040508,-0.125266,0.019119
1771002450.137635,16.462514,-1.618658,4.493499,-0.465428,-0.040546,-0.127361,0.020863
1771002450.142616,16.467495,-1.632871,4.824260,-0.790125,-0.044398,-0.126833,0.022474
1771002450.147613,16.472492,-1.287191,4.795774,-0.989014,-0.057372,-0.116060,0.024783
1771002450.152585,16.477464,-1.613745,1.963305,0.391940,-0.031590,-0.128782,0.019481
1771002450.157560,16.482439,-1.597833,2.370371,0.308202,-0.034702,-0.128874,0.020965
1771002450.162580,16.487459,-1.556007,2.603650,0.203371,-0.037421,-0.129292,0.023823
1771002450.167566,16.492445,-1.391894,2.354017,0.209225,-0.030663,-0.120949,0.023412
1771002450.172512,16.497390,-2.469409,2.535526,0.452290,-0.034168,-0.131197,0.010105
1771002450.177487,16.502365,-2.326072,2.618902,0.378757,-0.035434,-0.130194,0.012012
1771002450.182493,16.507372,-2.330928,2.550859,0.460666,-0.036094,-0.130696,0.012246
1771002450.187454,16.512332,-1.683807,4.483336,-0.441652,-0.053139,-0.110700,0.019793
1771002450.192435,16.517313,-1.641536,4.434459,-0.387469,-0.053176,-0.110965,0.019388
1771002450.197519,16.522398,-1.466896,4.301922,-0.341320,-0.052387,-0.109351,0.020511
1771002450.202399,16.527277,-1.346886,4.176440,-0.211201,-0.052254,-0.108870,0.021297
1771002450.207388,16.532267,-2.982897,5.197104,-0.822306,-0.072990,-0.140583,0.018818
1771002450.212362,16.537241,-2.266948,4.297350,0.444914,-0.062103,-0.118948,0.019003
1771002450.217349,16.542228,-2.162162,4.226891,0.455891,-0.062517,-0.118658,0.020698
1771002450.222325,16.547204,-2.066377,4.343791,0.442572,-0.064349,-0.118077,0.022251
1771002450.227308,16.552187,-2.018867,4.248699,0.495338,-0.064542,-0.119197,0.023162
1771002450.232275,16.557154,-1.899174,4.237098,0.490657,-0.065626,-0.119188,0.025633
1771002450.237278,16.562157,-1.717885,4.316382,0.369150,-0.067318,-0.118429,0.028971
1771002450.242257,16.567135,-1.620371,4.398442,0.286039,-0.068532,-0.117340,0.029429
1771002450.247234,16.572113,-1.313805,3.027285,0.794809,-0.056585,-0.110483,0.030012
1771002450.252216,16.577095,-1.254200,3.093740,0.819402,-0.058107,-0.110100,0.030600
1771002450.257198,16.582077,-1.114412,2.319448,0.885875,-0.047371,-0.101740,0.030711
1771002450.262183,16.587061,-1.048990,2.547783,0.889272,-0.050693,-0.101786,0.032025
1771002450.267190,16.592069,-1.689830,2.950008,0.812967,-0.065396,-0.105487,0.021886
1771002450.272143,16.597022,-2.764668,3.324820,1.040091,-0.081512,-0.114031,0.021272
1771002450.277124,16.602002,-2.622367,3.506931,0.917129,-0.083698,-0.113586,0.024819
1771002450.282107,16.606986,-2.541939,3.664317,0.863430,-0.086171,-0.113481,0.027401
1771002450.287086,16.611964,-2.193566,3.019381,1.005759,-0.078487,-0.107174,0.030988
1771002450.292069,16.616948,-2.101026,3.071403,0.915788,-0.079780,-0.106991,0.033711
1771002450.297079,16.621958,-1.913061,2.687809,0.872276,-0.069800,-0.098753,0.035002
1771002450.302046,16.626925,-1.874714,2.707255,0.800465,-0.070957,-0.098870,0.036522
1771002450.307019,16.631898,-0.790624,3.242246,0.697002,-0.072849,-0.085337,0.025576
1771002450.312005,16.636883,-0.795765,3.401245,0.656388,-0.074800,-0.086233,0.026680
1771002450.316983,16.641862,-2.890118,3.962553,1.350946,-0.093568,-0.106030,0.011170
1771002450.321963,16.646842,-2.836492,3.898753,1.377861,-0.094337,-0.105893,0.011741
1771002450.326961,16.651840,-2.726715,3.947957,1.344991,-0.095415,-0.104865,0.012575
1771002450.331931,16.656810,-3.724155,3.238336,1.328743,-0.095050,-0.115702,0.025133
1771002450.336904,16.661782,-3.603864,3.438262,1.156965,-0.108179,-0.119899,0.026360
1771002450.341887,16.666766,-3.196525,6.476594,0.675201,-0.130750,-0.110553,0.034378
1771002450.346872,16.671751,-3.122192,6.322729,0.725192,-0.130518,-0.110188,0.033932
1771002450.351860,16.676739,-3.127273,6.188735,0.796044,-0.130182,-0.110377,0.033805
1771002450.356844,16.681723,-2.775254,5.359510,1.083233,-0.121987,-0.104914,0.035628
1771002450.361815,16.686694,-1.345445,5.602512,0.504786,-0.125362,-0.082047,0.022593
1771002450.366796,16.691675,-1.297757,5.595041,0.490281,-0.125271,-0.081855,0.023872
1771002450.371789,16.696668,-1.282182,5.699925,0.450992,-0.126678,-0.081244,0.024723
1771002450.376760,16.701639,-1.289550,5.710255,0.476775,-0.127120,-0.082358,0.025623
1771002450.381744,16.706623,-1.253844,5.774564,0.416714,-0.128284,-0.081878,0.026718
1771002450.386729,16.711608,-1.210561,5.730791,0.445207,-0.128311,-0.082623,0.027868
1771002450.391706,16.716584,-1.218473,5.804357,0.412842,-0.129112,-0.081883,0.027757
1771002450.396683,16.721562,-1.190483,5.709258,0.472168,-0.128501,-0.082569,0.027531
1771002450.401674,16.726552,-1.131134,5.580323,0.524794,-0.127292,-0.081397,0.026484
1771002450.406652,16.731531,-1.129940,5.438792,0.535798,-0.126532,-0.081358,0.025809
1771002450.411633,16.736511,-1.114403,5.355244,0.563384,-0.125715,-0.081170,0.024875
1771002450.416625,16.741503,-1.100837,5.239600,0.577257,-0.124346,-0.080499,0.023739
1771002450.421601,16.746479,-2.562900,4.801065,1.175836,-0.119921,-0.102330,0.037065
1771002450.426563,16.751442,-2.767691,5.696206,0.915147,-0.129288,-0.107610,0.034866
1771002450.431567,16.756446,-3.657040,5.400850,0.845613,-0.127535,-0.119127,0.038790
1771002450.436542,16.761421,-3.712922,5.408522,0.842449,-0.126428,-0.119199,0.036737
1771002450.441529,16.766408,-3.742427,5.300674,0.871826,-0.124825,-0.119200,0.035003
1771002450.446520,16.771399,-2.636876,5.094944,0.669194,-0.110818,-0.112470,0.035991
1771002450.451496,16.776375,-2.716207,4.847100,0.753676,-0.108407,-0.112410,0.033902
1771002450.456467,16.781346,-1.810576,5.646857,0.569446,-0.109551,-0.101029,0.036548
1771002450.461452,16.786331,-1.730539,3.942050,0.439088,-0.095085,-0.100022,0.043432
1771002450.466533,16.791411,-2.037776,5.837069,0.718428,-0.114823,-0.108572,0.031470
1771002450.471431,16.796310,-2.397632,6.569591,0.151094,-0.123909,-0.112250,0.028832
1771002450.476403,16.801281,-2.562800,6.375598,0.353332,-0.120643,-0.113158,0.023985
1771002450.481424,16.806303,-2.672056,6.318811,0.344966,-0.118466,-0.113647,0.021608
1771002450.486363,16.811242,-1.784970,6.086872,-0.218952,-0.109387,-0.103434,0.023805
1771002450.491317,16.816195,-1.851133,5.901777,-0.079801,-0.106511,-0.103944,0.021741
1771002450.496343,16.821222,-2.297896,6.014706,0.156171,-0.097718,-0.112632,0.019982
1771002450.501305,16.826184,-2.718310,6.822969,-0.534014,-0.103849,-0.123897,0.018718
1771002450.506291,16.831169,-2.882902,7.343561,-0.915673,-0.109756,-0.133955,0.018491
1771002450.511270,16.836149,-3.020638,7.356844,-0.853561,-0.108564,-0.135046,0.016352
1771002450.516256,16.841135,-1.066857,6.415650,-1.768754,-0.093524,-0.100075,0.013164
1771002450.521234,16.846112,-2.282226,4.469669,0.733758,-0.081079,-0.131865,0.019806
1771002450.526224,16.851103,-2.387540,4.457878,0.728306,-0.079128,-0.131552,0.018622
1771002450.531207,16.856086,-2.585615,4.536349,0.739365,-0.079037,-0.132798,0.016544
1771002450.536187,16.861066,-1.890722,5.223619,-0.180710,-0.077190,-0.130622,0.018209
1771002450.541171,16.866050,-1.792223,4.032494,-0.225809,-0.064560,-0.133659,0.026288
1771002450.546147,16.871026,-1.913913,3.730672,-0.131038,-0.051633,-0.127502,0.026774
1771002450.551127,16.876006,-1.257579,3.915738,-0.154261,-0.051868,-0.113504,0.020177
1771002450.556107,16.880985,-1.503147,4.070781,-0.217968,-0.052573,-0.115264,0.020150
1771002450.561091,16.885970,-1.638031,4.243221,-0.325188,-0.053398,-0.115544,0.019883
1771002450.566097,16.890975,-1.774936,4.337826,-0.464331,-0.052763,-0.115765,0.018392
1771002450.571067,16.895946,-2.038190,5.087312,-0.804639,-0.063024,-0.126258,0.018318
1771002450.576051,16.900930,-2.125707,5.104751,-0.831023,-0.062507,-0.126805,0.016977
1771002450.581026,16.905904,-2.536919,1.929605,0.451442,-0.035502,-0.136458,0.009061
1771002450.586007,16.910885,-2.662227,5.483115,-0.754926,-0.057745,-0.128833,0.000731
1771002450.590981,16.915859,-2.088741,6.447515,-4.720624,-0.049415,-0.127011,0.008202
1771002450.595991,16.920870,-2.393084,6.364062,-4.318790,-0.048421,-0.127495,0.008508
1771002450.600931,16.925810,-1.328718,6.221337,-4.883045,-0.038845,-0.120640,0.009512
1771002450.605927,16.930806,-1.445934,6.149071,-4.874474,-0.038044,-0.121823,0.010136
1771002450.610912,16.935791,-3.672601,2.739062,-0.903394,-0.028497,-0.150389,-0.000218
1771002450.615889,16.940768,-3.285339,3.140850,0.168695,-0.043446,-0.142987,0.003264
1771002450.620869,16.945748,-2.151643,2.793756,-0.066271,-0.037842,-0.132361,0.017725
1771002450.625854,16.950733,-2.188374,2.663487,-0.035231,-0.036879,-0.132867,0.017431
1771002450.630836,16.955714,-2.191067,2.731905,-0.027633,-0.037282,-0.132505,0.016917
1771002450.635801,16.960680,-2.209646,2.786616,-0.064386,-0.038107,-0.132441,0.016666
1771002450.640798,16.965677,-3.353543,3.097919,0.202776,-0.042648,-0.142494,0.001444
1771002450.645781,16.970659,-3.362378,2.922882,0.234237,-0.041724,-0.142892,0.001255
1771002450.650768,16.975646,-3.327112,2.954979,0.227585,-0.041898,-0.142707,0.001486
1771002450.655747,16.980626,-3.288631,3.071023,0.206461,-0.043269,-0.143165,0.002711
1771002450.660726,16.985605,-3.207088,3.191547,0.153194,-0.044594,-0.142775,0.003867
1771002450.665709,16.990588,-3.143451,3.393956,0.082564,-0.046043,-0.142434,0.005209
1771002450.670689,16.995567,-2.860901,2.260845,0.405482,-0.035890,-0.137536,0.006344
1771002450.675668,17.000547,-2.781488,2.514039,0.390450,-0.038703,-0.136965,0.007821
1771002450.680654,17.005532,-2.708429,2.545374,0.334072,-0.039640,-0.137159,0.010186
1771002450.685637,17.010516,-2.595941,2.908045,0.263106,-0.043104,-0.136428,0.012647
1771002450.690656,17.015534,-2.441219,2.213207,0.327592,-0.032910,-0.129490,0.012295
1771002450.695612,17.020490,-2.297723,2.421998,0.272312,-0.035039,-0.128542,0.014198
1771002450.700571,17.025450,-2.218544,2.304077,0.299980,-0.035009,-0.128431,0.015770
1771002450.705556,17.030434,-2.123519,2.176522,0.373292,-0.036423,-0.129134,0.017616
1771002450.710572,17.035450,-3.189477,2.208842,0.627165,-0.049303,-0.137419,0.015807
1771002450.715524,17.040403,-2.774552,1.411979,0.770167,-0.041495,-0.132076,0.020278
1771002450.720498,17.045377,-2.603199,1.594432,0.723573,-0.044929,-0.131433,0.023708
1771002450.725483,17.050361,-2.488213,1.773682,0.716616,-0.047831,-0.130026,0.026374
1771002450.730454,17.055333,-1.722132,5.195198,-0.775177,-0.085861,-0.108971,0.035114
1771002450.735445,17.060323,-2.668107,5.671390,-0.587410,-0.091571,-0.119296,0.024001
1771002450.740426,17.065304,-2.100324,4.285540,0.146172,-0.072213,-0.105990,0.025088
1771002450.745412,17.070291,-3.097473,4.542379,0.527707,-0.086087,-0.115399,0.023035
1771002450.750390,17.075269,-2.965876,4.302260,0.583920,-0.086127,-0.114067,0.025508
1771002450.755373,17.080251,-2.771941,3.987948,0.570838,-0.085037,-0.112677,0.027268
1771002450.760355,17.085234,-2.676432,3.875067,0.612791,-0.085088,-0.112042,0.027611
1771002450.765345,17.090224,-2.591913,3.315124,0.713008,-0.082511,-0.111922,0.027551
1771002450.770334,17.095213,-2.430797,3.107147,0.695749,-0.082207,-0.110406,0.029308
1771002450.775303,17.100182,-2.233932,3.570479,0.493193,-0.098430,-0.114586,0.032198
1771002450.780291,17.105170,-1.901827,2.545993,0.641038,-0.087223,-0.107283,0.033646
1771002450.785266,17.110144,-1.281233,5.106415,0.269629,-0.102047,-0.092036,0.040097
1771002450.790254,17.115133,-2.191877,5.538787,0.584546,-0.110911,-0.099971,0.028868
1771002450.795241,17.120120,-2.806050,5.569003,0.512128,-0.112962,-0.113894,0.036012
1771002450.800212,17.125091,-2.756768,5.560449,0.502270,-0.113641,-0.114304,0.036629
1771002450.805190,17.130068,-3.859348,5.514622,0.814497,-0.126230,-0.119746,0.034868
1771002450.810172,17.135051,-3.713617,5.573029,0.779234,-0.128249,-0.119586,0.037332
1771002450.815151,17.140030,-3.564575,5.508986,0.762810,-0.128848,-0.119414,0.039029
1771002450.820147,17.145025,-3.168102,5.485916,0.398149,-0.136360,-0.111022,0.040387
1771002450.825120,17.149999,-2.096691,5.420743,-1.293854,-0.114215,-0.098028,0.028461
1771002450.830090,17.154968,-2.347656,4.373258,-0.921788,-0.113558,-0.108826,0.019478
1771002450.835076,17.159954,-2.057812,6.787989,-1.716520,-0.128970,-0.099450,0.026614
1771002450.840055,17.164934,-0.980960,5.005280,-0.054740,-0.116689,-0.087147,0.027809
1771002450.845040,17.169918,-1.581872,5.274666,1.077015,-0.120461,-0.087171,0.020427
1771002450.850044,17.174923,-1.495417,5.258403,1.105896,-0.121514,-0.086489,0.021015
1771002450.855007,17.179885,-1.389616,5.342625,1.015879,-0.122152,-0.085709,0.023162
1771002450.860001,17.184880,-1.390953,5.316187,1.038153,-0.123014,-0.086081,0.023862
1771002450.864972,17.189850,-1.401857,5.405984,1.032518,-0.124942,-0.086749,0.024634
1771002450.869941,17.194820,-2.470329,5.848445,1.347579,-0.131142,-0.097499,0.013530
1771002450.875005,17.199884,-2.509098,6.044039,1.309443,-0.133021,-0.098050,0.014264
1771002450.879919,17.204798,-2.538871,6.152232,1.285411,-0.134028,-0.098564,0.014807
1771002450.884908,17.209787,-2.476785,6.174330,1.245448,-0.134368,-0.097739,0.015941
1771002450.889886,17.214765,-2.340670,4.914922,0.939488,-0.128580,-0.094109,0.025257
1771002450.894868,17.219747,-2.343309,4.761504,0.938215,-0.127297,-0.094527,0.025437
1771002450.899853,17.224732,-2.343058,4.876710,0.934399,-0.128301,-0.094368,0.025724
1771002450.904832,17.229711,-2.319796,4.846708,0.897276,-0.127180,-0.094358,0.025276
1771002450.909806,17.234684,-2.365007,4.817733,0.916609,-0.126729,-0.095111,0.025067
1771002450.914796,17.239675,-1.609743,4.990473,0.949711,-0.125892,-0.080926,0.019578
1771002450.919785,17.244664,-1.663658,5.033312,0.982334,-0.126214,-0.081527,0.018982
1771002450.924765,17.249643,-1.665371,5.111957,0.957274,-0.126362,-0.081216,0.019057
1771002450.929735,17.254614,-0.770593,4.599473,0.461639,-0.117416,-0.072916,0.030187
1771002450.934712,17.259591,-1.480729,4.385101,0.514710,-0.117060,-0.085406,0.035189
1771002450.939701,17.264580,-1.500675,4.415654,0.507017,-0.116117,-0.085226,0.033306
1771002450.944678,17.269556,-1.532280,4.952498,0.424282,-0.126579,-0.090662,0.033451
1771002450.949669,17.274548,-1.804037,6.156739,0.695516,-0.132714,-0.093049,0.022404
1771002450.954647,17.279526,-2.145774,6.835417,0.276498,-0.141349,-0.098964,0.020781
1771002450.959630,17.284509,-2.189336,6.659088,0.403931,-0.138828,-0.099217,0.019298
1771002450.964605,17.289484,-2.205215,6.723551,0.270018,-0.138740,-0.098572,0.018463
1771002450.969601,17.294480,-2.589235,6.653013,0.695907,-0.132922,-0.105922,0.016577
1771002450.974551,17.299430,-2.619689,6.547859,0.760215,-0.131065,-0.105848,0.015747
1771002450.979557,17.304435,-2.669606,6.483902,0.812431,-0.129940,-0.106181,0.014158
1771002450.984545,17.309424,-2.674635,6.495326,0.772394,-0.129872,-0.105410,0.013716
1771002450.989528,17.314407,-2.684911,6.301299,0.868631,-0.127217,-0.106003,0.012432
1771002450.994537,17.319415,-2.666307,6.050728,0.891222,-0.118458,-0.112039,0.027544
1771002450.999543,17.324422,-2.667415,5.911330,0.950448,-0.116271,-0.112120,0.027168
1771002451.004478,17.329356,-2.712146,6.016739,0.915308,-0.117902,-0.111491,0.025946
1771002451.009430,17.334309,-2.745285,5.927871,0.964138,-0.116312,-0.112269,0.024784
1771002451.014420,17.339298,-2.723945,5.889388,0.977777,-0.115651,-0.111341,0.024645
1771002451.019402,17.344280,-2.819416,5.908514,0.968364,-0.115315,-0.112455,0.024018
1771002451.024378,17.349257,-1.780255,5.867853,0.511882,-0.116761,-0.093815,0.012172
1771002451.029443,17.354321,-1.837430,5.925302,0.469484,-0.117161,-0.094867,0.012749
1771002451.034349,17.359228,-1.865638,6.127207,0.324678,-0.119172,-0.094983,0.014413
1771002451.039330,17.364208,-1.952659,6.247225,0.288136,-0.120220,-0.095932,0.014903
1771002451.044333,17.369212,-1.950190,6.460865,0.091565,-0.122604,-0.095969,0.016729
1771002451.049290,17.374168,-1.959065,6.544346,0.000440,-0.123314,-0.096106,0.018041
1771002451.054268,17.379147,-1.996241,6.669291,-0.041304,-0.125022,-0.097108,0.018558
1771002451.059245,17.384123,-1.956138,6.713860,-0.103841,-0.125136,-0.096242,0.019171
1771002451.064247,17.389126,-2.990800,7.088671,0.341582,-0.133479,-0.107623,0.016425
1771002451.069203,17.394082,-2.985747,7.055077,0.363749,-0.133319,-0.108059,0.015994
1771002451.074204,17.399083,-2.919676,6.952927,0.433693,-0.132774,-0.107023,0.016396
1771002451.079186,17.404065,-2.914925,6.906360,0.444660,-0.132365,-0.107444,0.015307
1771002451.084173,17.409051,-2.914714,6.771868,0.543206,-0.130896,-0.108361,0.014453
1771002451.089156,17.414035,-2.847507,6.675293,0.607488,-0.130051,-0.107160,0.014315
1771002451.094130,17.419009,-1.757193,6.371808,0.198252,-0.122918,-0.094164,0.016826
1771002451.099163,17.424042,-1.723821,6.241371,0.309538,-0.122009,-0.094192,0.016181
1771002451.104100,17.428979,-2.658309,6.448866,0.732235,-0.128612,-0.104923,0.013081
1771002451.109073,17.433952,-2.658064,6.359324,0.785959,-0.127816,-0.106236,0.012686
1771002451.114060,17.438939,-2.591172,6.379031,0.843894,-0.129030,-0.104809,0.012855
1771002451.119039,17.443918,-3.643124,6.170238,1.222270,-0.129702,-0.119519,0.025966
1771002451.124021,17.448899,-3.620342,6.145474,1.273695,-0.130356,-0.119288,0.025571
1771002451.129122,17.454000,-4.113883,6.145637,1.484885,-0.122910,-0.129904,0.009817
1771002451.133989,17.458868,-3.557509,5.807314,1.307024,-0.128822,-0.119441,0.025578
1771002451.138972,17.463850,-3.506433,5.703652,1.299401,-0.128421,-0.119086,0.025961
1771002451.143951,17.468830,-3.525920,5.791236,1.341095,-0.128703,-0.119223,0.024716
1771002451.148934,17.473813,-3.477569,5.706476,1.347422,-0.128931,-0.119182,0.025090
1771002451.153913,17.478791,-3.423367,5.711174,1.351802,-0.129784,-0.118870,0.025827
1771002451.158898,17.483777,-3.439374,5.619943,1.367222,-0.129295,-0.119152,0.026578
1771002451.163955,17.488834,-3.434223,5.777720,1.323571,-0.130470,-0.119518,0.027694
1771002451.168860,17.493739,-2.357861,6.170054,1.064403,-0.129818,-0.104485,0.014441
1771002451.173839,17.498718,-3.422731,6.030020,1.306329,-0.132404,-0.120125,0.028483
1771002451.178843,17.503721,-2.341359,6.234019,1.049215,-0.130901,-0.104795,0.015535
1771002451.183802,17.508681,-2.335456,6.368488,0.907401,-0.131714,-0.103481,0.015870
1771002451.188782,17.513661,-2.342197,6.436201,0.883543,-0.132617,-0.103521,0.016400
1771002451.193772,17.518650,-2.051459,6.381565,0.522492,-0.136261,-0.097951,0.016424
1771002451.198785,17.523664,-2.065644,6.452654,0.494656,-0.137193,-0.098118,0.016471
1771002451.203732,17.528610,-2.057963,6.492473,0.447339,-0.137772,-0.097814,0.017716
1771002451.208714,17.533593,-2.067189,6.560089,0.396684,-0.138578,-0.098038,0.017901
1771002451.213697,17.538576,-2.090879,6.672998,0.300774,-0.139311,-0.097914,0.019585
1771002451.218672,17.543551,-2.169702,6.809962,0.283054,-0.140921,-0.098932,0.020488
1771002451.223655,17.548534,-2.154780,6.982255,0.096022,-0.142930,-0.098886,0.022778
1771002451.228650,17.553529,-1.180920,5.722616,0.598171,-0.124396,-0.072118,0.017043
1771002451.233623,17.558501,-1.027945,4.708189,0.440423,-0.116313,-0.074936,0.027061
1771002451.238604,17.563482,-1.030454,4.955726,0.393582,-0.118067,-0.075673,0.027933
1771002451.243580,17.568459,-1.034132,5.008663,0.350233,-0.118309,-0.075896,0.028960
1771002451.248575,17.573454,-1.048306,5.132544,0.308121,-0.118497,-0.076535,0.029473
1771002451.253542,17.578421,-1.038003,5.015778,0.302630,-0.117446,-0.076093,0.029496
1771002451.258528,17.583406,-1.027239,5.054440,0.352154,-0.117277,-0.076094,0.028622
1771002451.263503,17.588382,-1.074929,5.545397,0.321228,-0.127554,-0.082390,0.029303
1771002451.268522,17.593401,-1.001133,5.622893,0.274300,-0.127111,-0.080991,0.028851
1771002451.273472,17.598351,-1.017479,5.405580,0.338850,-0.125204,-0.080455,0.027503
1771002451.278448,17.603327,-1.048177,5.400189,0.378633,-0.125616,-0.080458,0.026647
1771002451.283433,17.608312,-1.222193,6.104869,0.019588,-0.134433,-0.084234,0.025862
1771002451.288428,17.613307,-1.982443,6.205671,-0.018842,-0.134958,-0.098445,0.030391
1771002451.293393,17.618271,-1.972149,6.109994,0.007549,-0.134692,-0.098231,0.030072
1771002451.298381,17.623260,-1.936621,6.091113,0.021446,-0.134253,-0.097287,0.030079
1771002451.303361,17.628240,-1.993831,6.018014,0.048060,-0.133450,-0.098381,0.029117
1771002451.308344,17.633222,-2.224862,7.054577,-0.065745,-0.141501,-0.098604,0.020590
1771002451.313328,17.638207,-2.226600,6.977392,0.014514,-0.140579,-0.098613,0.020537
1771002451.318305,17.643183,-2.315854,6.965938,0.063877,-0.140565,-0.099926,0.019222
1771002451.323287,17.648165,-2.297644,6.964572,0.027447,-0.140051,-0.099091,0.019670
1771002451.328288,17.653167,-2.319866,6.926742,0.088372,-0.139821,-0.099530,0.018786
1771002451.333246,17.658125,-2.052538,5.872890,0.125442,-0.132148,-0.097804,0.027093
1771002451.338230,17.663108,-2.062858,5.846901,0.117615,-0.132018,-0.098067,0.028435
1771002451.343214,17.668093,-2.067547,5.957974,0.078164,-0.133045,-0.098832,0.028081
1771002451.348191,17.673069,-2.073524,6.195736,-0.010342,-0.133813,-0.098634,0.028666
1771002451.353172,17.678051,-1.370422,6.055439,0.016022,-0.132717,-0.084789,0.023919
1771002451.358157,17.683036,-1.336680,6.036632,0.020205,-0.132130,-0.083785,0.024546
1771002451.363155,17.688034,-1.372978,6.126432,-0.046896,-0.133033,-0.084362,0.024701
1771002451.368105,17.692984,-1.390034,6.045297,-0.067890,-0.131237,-0.084682,0.024132
1771002451.373108,17.697987,-1.464675,6.122152,-0.072987,-0.131948,-0.085510,0.023428
1771002451.378087,17.702966,-1.461582,6.188478,-0.108291,-0.132287,-0.084585,0.023290
1771002451.383065,17.707943,-1.552817,6.247378,-0.146224,-0.132444,-0.085528,0.022999
1771002451.388048,17.712927,-2.005727,3.420313,0.532523,-0.110536,-0.096578,0.015329
1771002451.393029,17.717908,-2.082448,3.363341,0.518898,-0.108657,-0.097451,0.012925
1771002451.398032,17.722911,-2.402060,3.415652,0.949421,-0.103705,-0.106050,0.012269
1771002451.402999,17.727877,-2.456841,3.446773,0.940144,-0.103277,-0.106571,0.012424
1771002451.407976,17.732855,-2.477416,3.384263,0.973536,-0.102774,-0.106683,0.011914
1771002451.412951,17.737830,-2.501342,3.396525,0.979553,-0.102504,-0.106464,0.012006
1771002451.417941,17.742820,-2.624748,2.886889,1.183104,-0.087693,-0.102885,0.011219
1771002451.422927,17.747806,-2.602377,3.516813,0.990626,-0.102770,-0.107154,0.010586
1771002451.427897,17.752775,-2.730762,2.948653,1.227441,-0.088208,-0.103357,0.010348
1771002451.432888,17.757766,-1.596300,2.982946,1.003664,-0.075033,-0.094142,0.013159
1771002451.437866,17.762744,-2.287495,5.415625,-0.243655,-0.109535,-0.091423,0.015503
1771002451.442843,17.767722,-2.818153,3.218520,1.216432,-0.087993,-0.103708,0.009149
1771002451.447827,17.772705,-1.713552,3.422011,0.958733,-0.077682,-0.095413,0.012847
1771002451.452814,17.777693,-1.782159,3.331205,0.984065,-0.076630,-0.096454,0.012269
1771002451.457791,17.782669,-1.827151,3.411586,0.952068,-0.077095,-0.096549,0.012182
1771002451.462784,17.787663,-1.827362,3.474031,0.950688,-0.076743,-0.095996,0.012026
1771002451.467764,17.792643,-0.803618,3.093923,0.508272,-0.069387,-0.084125,0.025378
1771002451.472741,17.797620,-0.812647,3.173629,0.505134,-0.069536,-0.084131,0.024780
1771002451.477718,17.802597,-0.855204,3.184152,0.497939,-0.068929,-0.084446,0.024524
1771002451.482673,17.807551,-1.015861,4.077462,0.172184,-0.080598,-0.088971,0.023501
1771002451.487683,17.812561,-1.067887,4.565385,0.116828,-0.090282,-0.095828,0.023912
1771002451.492649,17.817527,-1.095268,4.504404,0.181742,-0.089189,-0.095434,0.022405
1771002451.497657,17.822535,-2.241754,3.949358,0.390374,-0.087983,-0.110034,0.036439
1771002451.502652,17.827530,-2.223451,3.710495,0.438568,-0.085528,-0.110201,0.034319
1771002451.507611,17.832489,-2.269479,3.684130,0.448566,-0.084698,-0.110276,0.032675
1771002451.512592,17.837471,-2.263489,3.560545,0.535511,-0.084072,-0.110196,0.031416
1771002451.517584,17.842463,-2.203541,3.373969,0.543155,-0.081857,-0.109026,0.031532
1771002451.522538,17.847417,-2.215943,3.302662,0.540887,-0.081034,-0.108642,0.030914
1771002451.527533,17.852412,-2.203933,3.094107,0.570320,-0.079517,-0.108385,0.029371
1771002451.532509,17.857387,-2.163484,2.959793,0.559491,-0.078056,-0.107416,0.028966
1771002451.537504,17.862383,-2.900136,3.449431,0.321003,-0.092931,-0.124802,0.032370
1771002451.542492,17.867370,-2.903689,3.106202,0.337735,-0.090774,-0.124953,0.030937
1771002451.547473,17.872352,-2.915358,3.060731,0.401540,-0.090238,-0.124495,0.030602
1771002451.552464,17.877343,-2.999751,2.856540,0.406375,-0.088839,-0.125393,0.028990
1771002451.557441,17.882320,-2.947109,2.705917,0.404372,-0.087773,-0.124477,0.029351
1771002451.562395,17.887273,-2.969216,2.820953,0.461743,-0.088085,-0.124401,0.028405
1771002451.567375,17.892254,-2.960296,2.802011,0.423346,-0.087809,-0.124603,0.028440
1771002451.572374,17.897253,-3.017638,2.822530,0.427163,-0.088648,-0.125625,0.028388
1771002451.577349,17.902228,-2.974713,2.886883,0.411079,-0.088747,-0.124764,0.029530
1771002451.582338,17.907217,-2.962191,2.974466,0.404652,-0.089873,-0.125360,0.030306
1771002451.587317,17.912196,-3.001326,3.141721,0.350060,-0.091238,-0.126068,0.031571
1771002451.592303,17.917181,-2.256092,2.745317,0.601161,-0.076411,-0.108990,0.027447
1771002451.597298,17.922177,-2.285795,3.137986,0.598273,-0.079679,-0.109585,0.029534
1771002451.602268,17.927146,-2.273984,3.464433,0.545491,-0.082362,-0.109827,0.030399
1771002451.607239,17.932118,-2.290304,3.836524,0.469444,-0.085189,-0.110261,0.031579
1771002451.612220,17.937098,-2.231642,4.114110,0.366491,-0.087450,-0.109809,0.034169
1771002451.617202,17.942081,-2.228540,4.294473,0.308684,-0.088461,-0.110308,0.034869
1771002451.622190,17.947069,-2.283665,4.602207,0.252428,-0.091051,-0.111691,0.036271
1771002451.627174,17.952052,-2.361175,4.781074,0.183801,-0.092656,-0.113090,0.037810
1771002451.632151,17.957030,-2.209201,4.177617,0.449133,-0.084679,-0.108737,0.039496
1771002451.637130,17.962009,-2.586755,4.757310,0.658206,-0.098089,-0.104906,0.032885
1771002451.642117,17.966996,-2.613084,4.554610,0.642208,-0.089325,-0.101250,0.033469
1771002451.647094,17.971973,-1.489713,3.086108,0.552425,-0.070917,-0.082674,0.026763
1771002451.652077,17.976956,-1.269814,3.660960,0.103180,-0.079458,-0.076823,0.026512
1771002451.657054,17.981933,-1.403856,3.455903,0.288905,-0.067529,-0.073270,0.027535
1771002451.662047,17.986926,-1.501584,3.972035,-0.016556,-0.073761,-0.070896,0.028460
1771002451.667009,17.991888,-1.397727,3.028530,-0.188852,-0.065548,-0.071694,0.039224
1771002451.672004,17.996882,-0.805235,3.347420,-0.196748,-0.067314,-0.061240,0.037267
1771002451.676983,18.001862,-1.258831,0.617325,-0.124916,-0.041176,-0.066660,0.033344
1771002451.681967,18.006845,-1.319392,0.802378,-0.041839,-0.043669,-0.068135,0.033900
1771002451.686947,18.011826,-1.370272,0.974085,-0.024016,-0.046417,-0.068805,0.034226
1771002451.691930,18.016809,-1.491915,1.042017,0.064936,-0.047289,-0.070686,0.034593
1771002451.696896,18.021775,-1.482932,1.127211,0.090146,-0.048410,-0.070317,0.035315
1771002451.701900,18.026779,-1.477498,1.290972,0.103128,-0.050107,-0.070370,0.034671
1771002451.706875,18.031754,-1.536640,1.271165,0.124986,-0.049620,-0.070914,0.033863
1771002451.711852,18.036731,-1.485728,3.710399,-2.092870,-0.064346,-0.072231,0.022391
1771002451.716837,18.041716,-0.735214,3.355976,-2.230576,-0.053073,-0.066536,0.011745
1771002451.721817,18.046695,-0.768448,3.357427,-2.262365,-0.053049,-0.067453,0.011202
1771002451.726809,18.051687,-0.761956,3.352122,-2.238739,-0.052630,-0.065993,0.010860
1771002451.731791,18.056669,-0.873282,1.631847,-1.287637,-0.049126,-0.069449,0.012425
1771002451.736768,18.061646,-1.686791,1.197014,0.121654,-0.047408,-0.072127,0.030948
1771002451.741741,18.066620,-1.701710,1.046997,0.066414,-0.045279,-0.071685,0.030373
1771002451.746728,18.071607,-1.614497,1.059969,-0.547425,-0.042549,-0.075416,0.024058
1771002451.751706,18.076585,-1.666754,0.993160,0.066304,-0.044018,-0.071272,0.028305
1771002451.756687,18.081566,-1.731349,1.498128,0.085079,-0.055294,-0.077916,0.029043
1771002451.761670,18.086549,-1.925624,2.302290,-0.039042,-0.063956,-0.083097,0.028936
1771002451.766651,18.091530,-1.170634,2.173440,0.220025,-0.046351,-0.083791,0.030630
1771002451.771643,18.096522,-1.182512,1.934289,0.219448,-0.043809,-0.084025,0.029365
1771002451.776612,18.101490,-1.092615,1.796353,0.239113,-0.042559,-0.082007,0.028159
1771002451.781597,18.106475,-1.118512,5.323396,-1.155196,-0.080526,-0.063629,0.023344
1771002451.786575,18.111454,-1.751847,5.250635,-1.063809,-0.078165,-0.077012,0.025648
1771002451.791559,18.116437,-1.774086,4.961843,-0.834062,-0.074730,-0.077419,0.022576
1771002451.796535,18.121414,-1.654359,4.645091,-0.646150,-0.071622,-0.077070,0.021223
1771002451.801528,18.126407,-2.633238,4.376749,0.021122,-0.064842,-0.100212,0.035438
1771002451.806519,18.131397,-2.557893,4.172504,0.123389,-0.063116,-0.100582,0.034744
1771002451.811488,18.136367,-2.402995,3.998060,0.227975,-0.062620,-0.098089,0.033869
1771002451.816537,18.141416,-2.356597,4.264441,0.105020,-0.075991,-0.101725,0.033708
1771002451.821447,18.146326,-2.269310,4.210957,0.080167,-0.075772,-0.100895,0.034360
1771002451.826435,18.151314,-2.181647,4.208709,0.059636,-0.075650,-0.100115,0.034327
1771002451.831407,18.156285,-2.131332,3.847695,0.138834,-0.074374,-0.099833,0.034444
1771002451.836401,18.161280,-2.050193,3.831260,0.148407,-0.074633,-0.099174,0.034778
1771002451.841377,18.166256,-2.018243,3.564148,0.182733,-0.072907,-0.099700,0.035087
1771002451.846359,18.171237,-1.944860,3.595994,0.205384,-0.073553,-0.099051,0.036286
1771002451.851331,18.176210,-1.779138,3.841977,0.142479,-0.076976,-0.097828,0.037946
1771002451.856345,18.181224,-2.572335,2.936503,0.559144,-0.076477,-0.099213,0.035621
1771002451.861303,18.186181,-2.482140,3.072963,0.507499,-0.078045,-0.099231,0.037426
1771002451.866285,18.191164,-2.430796,3.094227,0.462947,-0.078903,-0.099660,0.038748
1771002451.871270,18.196148,-2.390954,3.133704,0.488571,-0.079447,-0.099615,0.039197
1771002451.876243,18.201122,-2.221790,2.559021,0.533902,-0.068021,-0.091607,0.039140
1771002451.881230,18.206109,-2.060428,5.594983,-0.352495,-0.095676,-0.085844,0.048123
1771002451.886209,18.211088,-1.614395,5.658576,-0.627202,-0.102394,-0.076740,0.048974
1771002451.891187,18.216066,-1.602499,5.707238,-0.592558,-0.103288,-0.078198,0.051170
1771002451.896163,18.221042,-1.529430,5.816842,-0.674780,-0.104311,-0.078862,0.053977
1771002451.901164,18.226043,-1.779250,2.920551,0.177453,-0.081114,-0.086288,0.047482
1771002451.906137,18.231015,-0.800482,3.504838,0.087729,-0.083236,-0.075102,0.034956
1771002451.911119,18.235997,-1.414630,3.120747,0.625753,-0.081711,-0.078722,0.025604
1771002451.916102,18.240981,-1.225653,5.744630,-0.612278,-0.107730,-0.065154,0.032238
1771002451.921087,18.245965,-1.153063,5.603848,-0.493842,-0.107428,-0.065418,0.032073
1771002451.926042,18.250921,-1.113767,5.530278,-0.442134,-0.106679,-0.064988,0.032025
1771002451.931040,18.255919,-1.007175,5.327833,-0.398814,-0.104822,-0.064138,0.029394
1771002451.936031,18.260910,-2.058600,5.158002,-1.056361,-0.096929,-0.091848,0.027662
1771002451.941005,18.265883,-2.127400,5.230615,-1.635568,-0.093409,-0.093313,0.024820
1771002451.945991,18.270870,-2.132353,5.107862,-1.507307,-0.092561,-0.094043,0.024515
1771002451.951427,18.276306,-2.466529,4.215990,0.663732,-0.099808,-0.099045,0.007798
1771002451.956403,18.281281,-1.158466,4.359457,0.758495,-0.098438,-0.078786,0.017996
1771002451.961012,18.285890,-2.151639,4.006976,0.854424,-0.099649,-0.091298,0.033191
1771002451.965921,18.290800,-2.131186,3.808265,0.846572,-0.098286,-0.091479,0.033582
1771002451.970915,18.295794,-2.205490,3.903100,0.876289,-0.099251,-0.092251,0.032289
1771002451.975887,18.300766,-2.901239,3.757422,0.726763,-0.097887,-0.104748,0.036749
1771002451.980860,18.305739,-2.160500,3.765893,0.864150,-0.097631,-0.091459,0.032159
1771002451.986200,18.311079,-2.132215,3.794044,0.878308,-0.097968,-0.091397,0.032359
1771002451.991178,18.316057,-2.188211,3.821387,0.891593,-0.098080,-0.092303,0.032295
1771002451.995815,18.320693,-2.164470,4.578710,1.007216,-0.110397,-0.087321,0.016920
1771002452.000796,18.325675,-2.239131,4.734888,0.979372,-0.111582,-0.088591,0.017537
1771002452.005770,18.330649,-2.270001,4.804752,1.000652,-0.113320,-0.089242,0.018798
1771002452.010755,18.335634,-2.292607,4.977176,0.967004,-0.115063,-0.090534,0.020576
1771002452.016071,18.340950,-1.821600,5.416309,0.065660,-0.109192,-0.067610,0.032352
1771002452.020800,18.345679,-1.844589,5.628544,-0.060852,-0.110977,-0.066711,0.034769
1771002452.026036,18.350915,-1.896418,5.861905,-0.148454,-0.114062,-0.067413,0.036303
1771002452.030855,18.355734,-1.917038,6.062687,-0.239718,-0.115870,-0.067343,0.039564
1771002452.035684,18.360563,-2.123371,3.432634,0.737670,-0.093637,-0.079086,0.032222
1771002452.040642,18.365521,-2.154282,3.484888,0.739667,-0.094634,-0.080055,0.034333
1771002452.045627,18.370506,-2.194314,3.679468,0.724229,-0.096558,-0.081157,0.035306
1771002452.050591,18.375469,-1.319714,2.077510,-0.270644,-0.074910,-0.065066,0.031571
1771002452.055597,18.380476,-1.460065,2.346283,0.311165,-0.085552,-0.065641,0.042333
1771002452.060578,18.385457,-1.477412,2.044128,0.454521,-0.073942,-0.061861,0.042469
1771002452.065606,18.390485,-1.357321,1.320358,0.460613,-0.061107,-0.056442,0.043096
1771002452.070570,18.395449,-1.366195,1.489622,0.529521,-0.063987,-0.056998,0.043464
1771002452.075517,18.400396,-1.344488,1.630371,0.590576,-0.065966,-0.056817,0.043718
1771002452.080531,18.405409,-1.373220,1.686487,0.594949,-0.067278,-0.057757,0.044258
1771002452.085487,18.410366,-1.389669,1.773664,0.641772,-0.068286,-0.058208,0.043750
1771002452.090498,18.415376,-1.357425,1.671692,0.582263,-0.066614,-0.057869,0.044260
1771002452.095462,18.420341,-1.327271,1.759070,0.588717,-0.067876,-0.058116,0.044160
1771002452.100421,18.425300,-1.336043,1.832496,0.624776,-0.068086,-0.057999,0.043932
1771002452.105413,18.430292,-1.348410,1.680172,0.569666,-0.066686,-0.058035,0.044775
1771002452.110400,18.435278,-1.348093,1.871199,0.577618,-0.068491,-0.058293,0.044496
1771002452.115378,18.440257,-1.385696,1.908644,0.614544,-0.068639,-0.058714,0.044474
1771002452.120373,18.445252,-1.385552,1.846928,0.604721,-0.067751,-0.058795,0.044746
1771002452.125342,18.450221,-1.406764,1.998785,0.606705,-0.068803,-0.059447,0.044523
1771002452.130417,18.455296,-1.438314,2.040547,0.622691,-0.068518,-0.059274,0.043272
1771002452.135307,18.460185,-1.581264,2.985922,0.377802,-0.078329,-0.065092,0.043777
1771002452.140290,18.465169,-1.640852,2.804857,0.388757,-0.076319,-0.064520,0.041786
1771002452.145273,18.470152,-1.636852,2.784997,0.377795,-0.075212,-0.063605,0.040725
1771002452.150257,18.475135,-1.676847,2.529563,0.426439,-0.072439,-0.062852,0.038873
1771002452.155203,18.480082,-1.777059,2.653964,0.421031,-0.072833,-0.063031,0.037186
1771002452.160208,18.485086,-1.766077,2.611565,0.426946,-0.071882,-0.062168,0.036653
1771002452.165334,18.490213,-1.941355,3.208028,0.414816,-0.083212,-0.069283,0.036299
1771002452.170198,18.495077,-1.995471,3.106570,0.438393,-0.082464,-0.069540,0.034989
1771002452.175164,18.500042,-1.989709,3.103564,0.389422,-0.082005,-0.068544,0.035087
1771002452.180151,18.505030,-1.991928,2.968176,0.430840,-0.080102,-0.068374,0.033421
1771002452.185129,18.510008,-1.111433,2.727792,0.266884,-0.068467,-0.063577,0.035191
1771002452.190107,18.514986,-1.095429,2.722271,0.244229,-0.067758,-0.062949,0.034259
1771002452.195084,18.519963,-1.095363,2.499558,0.263493,-0.065939,-0.061959,0.033848
1771002452.200086,18.524965,-1.280442,3.516307,0.033189,-0.076947,-0.068305,0.033249
1771002452.205067,18.529945,-1.323224,3.287368,0.087384,-0.074967,-0.068254,0.032407
1771002452.210041,18.534920,-1.555746,4.598102,-0.048094,-0.088636,-0.064931,0.021221
1771002452.215026,18.539904,-1.609501,4.555525,-0.031618,-0.087486,-0.065524,0.020480
1771002452.220000,18.544879,-1.332346,3.426085,0.045000,-0.074272,-0.067910,0.029632
1771002452.224981,18.549860,-1.333707,3.538886,0.051919,-0.074747,-0.067798,0.029780
1771002452.229988,18.554866,-1.404799,3.569438,0.030724,-0.075206,-0.068878,0.030027
1771002452.234955,18.559834,-1.424102,3.691103,0.009166,-0.075126,-0.069275,0.030154
1771002452.239934,18.564813,-1.452431,3.679072,-0.006066,-0.075484,-0.069925,0.031300
1771002452.244911,18.569790,-1.499847,3.987153,-0.049600,-0.078729,-0.070491,0.032109
1771002452.249891,18.574769,-1.544139,4.188882,-0.165252,-0.081115,-0.070147,0.032549
1771002452.254879,18.579758,-1.589792,4.311109,-0.161944,-0.082641,-0.070487,0.033747
1771002452.259860,18.584738,-1.973557,1.547840,0.300860,-0.058669,-0.079467,0.029001
1771002452.264849,18.589728,-1.812704,0.873316,0.273739,-0.046504,-0.074339,0.030272
1771002452.269830,18.594709,-1.753302,1.059171,0.336144,-0.050042,-0.074123,0.032668
1771002452.274800,18.599678,-1.774720,1.264380,0.427754,-0.053171,-0.074873,0.032432
1771002452.279785,18.604664,-2.895514,1.241390,0.461428,-0.061449,-0.079941,0.030740
1771002452.284759,18.609637,-2.885561,1.444747,0.526322,-0.063988,-0.080188,0.030102
1771002452.289740,18.614619,-2.128593,1.576540,0.710756,-0.063532,-0.070547,0.025793
1771002452.294704,18.619582,-2.097296,1.590263,0.687723,-0.063904,-0.070372,0.026767
1771002452.299726,18.624604,-2.102168,1.707103,0.708275,-0.065925,-0.070311,0.027639
1771002452.304696,18.629575,-2.098002,1.669945,0.714422,-0.065425,-0.070293,0.027987
1771002452.309668,18.634546,-2.121992,1.611704,0.691111,-0.064749,-0.070612,0.028200
1771002452.314657,18.639536,-2.112163,1.671628,0.736417,-0.065663,-0.070293,0.028111
1771002452.319639,18.644517,-2.119140,1.707450,0.754319,-0.066307,-0.070762,0.027999
1771002452.324619,18.649498,-2.111447,0.979620,0.599103,-0.052144,-0.062682,0.027103
1771002452.329610,18.654489,-2.122818,1.738720,0.722559,-0.067348,-0.070340,0.029108
1771002452.334566,18.659445,-2.037273,1.731142,0.721437,-0.067092,-0.070188,0.029161
1771002452.339566,18.664445,-2.029955,1.085280,0.591676,-0.053898,-0.062331,0.028489
1771002452.344588,18.669467,-1.981656,1.098148,0.563716,-0.054518,-0.062058,0.028768
1771002452.349521,18.674400,-1.984048,1.008511,0.547948,-0.053348,-0.061882,0.029462
1771002452.354514,18.679392,-1.930451,1.221042,0.605893,-0.056655,-0.062064,0.029266
1771002452.359484,18.684363,-1.903840,1.384636,-0.026077,-0.059978,-0.067869,0.035718
1771002452.364462,18.689340,-1.877178,1.192427,0.626853,-0.056589,-0.063100,0.031070
1771002452.369468,18.694347,-1.828733,1.098884,0.594237,-0.055598,-0.062558,0.032487
1771002452.374435,18.699314,-1.810398,1.257455,0.626935,-0.057567,-0.063423,0.033287
1771002452.379415,18.704294,-1.752015,1.296883,0.631833,-0.058650,-0.063001,0.033976
1771002452.384395,18.709273,-1.687507,1.318411,0.648764,-0.059224,-0.062388,0.034694
1771002452.389378,18.714257,-1.653507,1.261930,0.576838,-0.058974,-0.062438,0.036777
1771002452.394369,18.719248,-1.011005,4.194436,-0.169245,-0.092749,-0.050034,0.044637
1771002452.399334,18.724212,-1.317448,1.251681,0.095831,-0.064295,-0.053817,0.037727
1771002452.404348,18.729227,-0.731499,3.232948,0.081406,-0.081778,-0.043545,0.044375
1771002452.409305,18.734184,-0.716284,3.213608,0.061063,-0.081896,-0.044056,0.044652
1771002452.414287,18.739166,-0.690873,3.198358,0.066104,-0.082350,-0.043590,0.045640
1771002452.419262,18.744141,-1.450204,3.706287,0.378773,-0.091905,-0.048983,0.034327
1771002452.424243,18.749121,-0.646079,3.028651,0.104045,-0.082526,-0.043329,0.045681
1771002452.429234,18.754113,-0.587946,2.831786,0.097962,-0.081494,-0.042073,0.046457
1771002452.434215,18.759094,-1.341182,3.398313,0.451070,-0.090562,-0.049125,0.034479
1771002452.439189,18.764068,-1.342845,3.384135,0.440582,-0.090366,-0.049448,0.034560
1771002452.444210,18.769088,-1.298748,3.188493,0.456170,-0.089103,-0.049268,0.035168
1771002452.449159,18.774037,-1.295510,3.350395,0.417002,-0.091158,-0.048873,0.036870
1771002452.454139,18.779018,-1.286145,3.421066,0.433594,-0.091681,-0.049259,0.036644
1771002452.459119,18.783997,-1.297421,3.509077,0.411977,-0.093338,-0.049361,0.038052
1771002452.464102,18.788981,-2.423675,3.749200,0.454154,-0.106687,-0.050126,0.036556
1771002452.469091,18.793970,-2.500491,3.908216,0.447893,-0.107691,-0.050856,0.037908
1771002452.474067,18.798946,-2.485325,3.546964,0.362001,-0.099288,-0.044117,0.037647
1771002452.479048,18.803926,-2.543055,3.744088,0.346601,-0.100790,-0.044389,0.039299
1771002452.484031,18.808910,-1.892057,0.748400,0.453001,-0.056883,-0.053811,0.034775
1771002452.489016,18.813895,-2.621039,3.976230,0.341139,-0.101750,-0.044513,0.040988
1771002452.493998,18.818877,-3.090899,0.760837,0.364929,-0.067720,-0.057911,0.032202
1771002452.498966,18.823845,-3.110559,1.088948,0.463753,-0.072502,-0.057331,0.032235
1771002452.503958,18.828837,-3.127199,1.096600,0.457587,-0.073026,-0.057483,0.032426
1771002452.508939,18.833818,-3.101702,0.982708,0.408704,-0.071328,-0.057968,0.033516
1771002452.513991,18.838870,-3.050536,1.101071,0.437788,-0.072719,-0.057304,0.033776
1771002452.518902,18.843781,-3.066974,1.072633,0.459011,-0.072395,-0.057806,0.033393
1771002452.523906,18.848784,-3.050394,1.157856,0.483557,-0.073142,-0.057256,0.033284
1771002452.528944,18.853822,-3.106302,1.143602,0.482342,-0.073451,-0.058129,0.033775
1771002452.533866,18.858745,-3.133374,1.141614,0.481278,-0.073264,-0.058631,0.033946
1771002452.538837,18.863716,-3.181292,1.229994,0.507244,-0.074576,-0.058910,0.033459
1771002452.543818,18.868697,-3.127793,1.447574,0.593169,-0.078008,-0.057130,0.034325
1771002452.548880,18.873758,-3.189096,1.421278,0.577181,-0.077656,-0.057823,0.034408
1771002452.554220,18.879099,-3.245696,1.405098,0.572009,-0.077534,-0.058956,0.033929
1771002452.559203,18.884081,-3.234637,1.297366,0.547080,-0.075800,-0.058692,0.034219
1771002452.563730,18.888609,-3.222421,1.437888,0.590740,-0.077758,-0.057896,0.033343
1771002452.568707,18.893586,-3.230754,1.237585,0.495954,-0.074545,-0.058344,0.032404
1771002452.573717,18.898596,-2.095127,1.026825,0.562325,-0.060580,-0.055681,0.034363
1771002452.578692,18.903571,-2.061407,1.547000,0.681538,-0.071676,-0.062027,0.034834
1771002452.583688,18.908567,-2.016327,1.310998,0.556149,-0.067687,-0.061262,0.033415
1771002452.588642,18.913521,-1.584621,4.251649,0.372490,-0.097707,-0.050828,0.038790
1771002452.593626,18.918505,-1.553268,3.962821,0.369483,-0.094840,-0.050585,0.037559
1771002452.598689,18.923567,-1.524011,3.885496,0.385225,-0.094011,-0.050168,0.035678
1771002452.603613,18.928492,-0.621534,3.281235,0.026253,-0.083329,-0.043593,0.047392
1771002452.608587,18.933465,-0.628012,3.076433,0.071987,-0.081902,-0.043234,0.046513
1771002452.613566,18.938445,-0.643812,3.007127,0.097541,-0.081466,-0.043279,0.045805
1771002452.618554,18.943433,-0.631690,2.876750,0.099718,-0.080531,-0.042804,0.045405
1771002452.623507,18.948385,-0.592036,2.715035,0.101069,-0.078807,-0.042305,0.044709
1771002452.628525,18.953404,-0.611668,2.714452,0.132482,-0.078856,-0.042014,0.043836
1771002452.633491,18.958369,-1.241702,2.650621,0.086375,-0.078597,-0.053839,0.048205
1771002452.638455,18.963334,-1.243559,2.564556,0.112270,-0.078027,-0.053355,0.047556
1771002452.643458,18.968337,-1.197033,2.467024,0.111401,-0.077330,-0.052637,0.047390
1771002452.648462,18.973341,-1.208959,2.483990,0.097957,-0.077963,-0.052754,0.048242
1771002452.653414,18.978293,-1.211437,2.649150,0.088487,-0.079494,-0.053178,0.048675
1771002452.658400,18.983279,-1.220907,2.592180,0.099732,-0.079459,-0.053308,0.049700
1771002452.663374,18.988252,-1.215240,2.603104,0.084861,-0.080200,-0.053645,0.050213
1771002452.668509,18.993388,-2.453961,2.606210,-0.017180,-0.085849,-0.069947,0.040030
1771002452.673350,18.998228,-1.012244,5.219327,-2.168938,-0.101959,-0.048021,0.042967
1771002452.678322,19.003201,-1.365790,4.965335,-1.889988,-0.096165,-0.056897,0.030332
1771002452.683300,19.008179,-1.326513,4.657622,-2.030325,-0.084899,-0.050316,0.030322
1771002452.688348,19.013227,-1.311555,4.982406,-1.943666,-0.096469,-0.057295,0.031353
1771002452.693267,19.018146,-0.500520,3.060046,-1.164081,-0.084400,-0.052181,0.033746
1771002452.698266,19.023144,-2.043970,3.260758,0.343975,-0.090377,-0.058609,0.041242
1771002452.703232,19.028110,-1.981076,3.124061,0.374413,-0.089849,-0.059059,0.041244
1771002452.708227,19.033106,-1.966019,3.065564,0.360466,-0.089314,-0.058734,0.042072
1771002452.713205,19.038084,-3.072200,3.321110,0.388058,-0.103913,-0.059382,0.039344
1771002452.718189,19.043067,-3.028448,3.295190,0.389750,-0.103259,-0.059824,0.040135
1771002452.723170,19.048048,-3.043862,3.363380,0.443459,-0.104446,-0.060822,0.039644
1771002452.728144,19.053022,-2.105209,2.904670,0.441136,-0.094986,-0.042929,0.034818
1771002452.733130,19.058009,-2.105362,2.740204,0.427680,-0.093673,-0.042875,0.036275
1771002452.738104,19.062983,-2.151952,3.191917,0.412066,-0.097200,-0.042962,0.036511
1771002452.743091,19.067969,-2.194632,3.125060,0.421109,-0.097225,-0.043279,0.038068
1771002452.748064,19.072942,-2.177642,3.290477,0.390567,-0.097705,-0.043152,0.039140
1771002452.753048,19.077927,-2.191578,3.390710,0.394451,-0.098886,-0.043426,0.039529
1771002452.758042,19.082921,-2.221862,3.508015,0.391452,-0.099839,-0.043906,0.039129
1771002452.763059,19.087938,-2.224745,3.478371,0.406717,-0.099550,-0.043896,0.039905
1771002452.768009,19.092888,-2.203449,3.568627,0.411975,-0.099629,-0.044100,0.039282
1771002452.772990,19.097869,-2.130020,3.366272,0.392600,-0.098477,-0.043614,0.039651
1771002452.777972,19.102850,-2.058423,3.301940,0.394485,-0.098323,-0.043524,0.039383
1771002452.782954,19.107833,-1.992939,3.117331,0.447306,-0.097202,-0.043284,0.038829
1771002452.787929,19.112808,-1.908799,2.854119,0.424679,-0.095373,-0.042526,0.039062
1771002452.792914,19.117793,-1.864275,2.657501,0.432999,-0.093997,-0.042686,0.038408
1771002452.797887,19.122766,-2.595113,2.461441,0.356362,-0.093717,-0.052022,0.042663
1771002452.802881,19.127759,-2.587556,2.269509,0.327604,-0.092125,-0.052161,0.042485
1771002452.807851,19.132730,-2.580974,2.127869,0.288905,-0.091742,-0.052177,0.041694
1771002452.812836,19.137715,-2.581313,1.942438,0.244716,-0.089427,-0.052131,0.041006
1771002452.817826,19.142705,-2.561551,2.080267,0.250137,-0.091231,-0.051842,0.041269
1771002452.822811,19.147690,-2.634695,2.023850,0.236069,-0.090849,-0.051875,0.040857
1771002452.827773,19.152651,-2.569250,2.035338,0.261682,-0.091166,-0.051523,0.040722
1771002452.832770,19.157649,-2.616656,2.001695,0.262778,-0.090508,-0.051463,0.039980
1771002452.837754,19.162633,-2.595339,1.901435,0.246161,-0.089475,-0.050546,0.040337
1771002452.842719,19.167598,-2.616926,1.969190,0.225811,-0.090684,-0.050935,0.039783
1771002452.847715,19.172594,-2.614909,1.815932,0.203868,-0.088413,-0.050851,0.039297
1771002452.852699,19.177578,-2.613744,1.753882,0.147472,-0.087620,-0.050881,0.039926
1771002452.857669,19.182547,-2.656175,1.801100,0.150761,-0.088218,-0.051330,0.039164
1771002452.862656,19.187535,-2.656476,1.773245,0.158063,-0.087955,-0.050785,0.039736
1771002452.867658,19.192537,-2.705212,1.769597,0.117917,-0.088189,-0.051464,0.038967
1771002452.872632,19.197511,-1.613946,1.706467,0.262510,-0.075319,-0.049313,0.042650
1771002452.877597,19.202475,-1.686189,1.850345,0.306241,-0.078267,-0.049570,0.043252
1771002452.882567,19.207446,-1.686345,1.886754,0.274471,-0.078821,-0.049323,0.043333
1771002452.887571,19.212449,-1.816163,1.978033,0.360922,-0.079565,-0.050834,0.043720
1771002452.892555,19.217433,-1.921530,2.265496,0.333232,-0.081856,-0.050813,0.044182
1771002452.897520,19.222399,-1.275044,2.622947,0.377189,-0.083111,-0.041730,0.038973
1771002452.902593,19.227472,-1.361214,2.871402,0.419107,-0.084298,-0.042199,0.040536
1771002452.907488,19.232367,-0.482920,3.566031,0.358762,-0.085525,-0.034662,0.026679
1771002452.912471,19.237350,-0.552710,3.787601,0.325833,-0.086767,-0.036159,0.027322
1771002452.917464,19.242343,-1.009177,1.205327,0.571840,-0.058708,-0.043388,0.022526
1771002452.922428,19.247306,-1.005446,1.503832,0.648139,-0.062568,-0.043497,0.023271
1771002452.927412,19.252290,-2.111778,1.768037,0.698318,-0.077533,-0.050493,0.020423
1771002452.932420,19.257299,-2.146842,2.034553,0.835853,-0.080928,-0.050768,0.022108
1771002452.937377,19.262255,-1.396883,2.458515,1.008386,-0.084323,-0.040584,0.018193
1771002452.942354,19.267233,-1.419659,2.823057,1.076503,-0.087277,-0.040884,0.019338
1771002452.947332,19.272211,-2.713390,2.086210,0.979311,-0.075091,-0.043379,0.036108
1771002452.952371,19.277250,-1.356561,3.787118,0.336401,-0.079108,-0.023472,0.035640
1771002452.957294,19.282173,-1.122325,2.328067,-0.050350,-0.072246,-0.017003,0.045096
1771002452.962303,19.287181,-1.217846,2.634326,-0.057604,-0.073742,-0.017110,0.045153
1771002452.967262,19.292141,-1.270647,2.873796,-0.089044,-0.074926,-0.017563,0.045436
1771002452.972252,19.297131,-1.718426,4.451900,-0.137064,-0.087558,-0.031682,0.040122
1771002452.977227,19.302105,-0.325495,2.661148,-1.957468,-0.079259,-0.028440,0.044394
1771002452.982216,19.307094,-0.381013,2.966573,-1.954253,-0.080775,-0.029382,0.044074
1771002452.987192,19.312071,-0.449262,3.340900,-1.931780,-0.083141,-0.029849,0.044481
1771002452.992173,19.317051,-1.009538,0.518472,0.303061,-0.048413,-0.022543,0.034061
1771002452.997216,19.322094,-1.070175,0.631436,0.341179,-0.049853,-0.023348,0.033473
1771002453.002152,19.327031,-1.075802,0.706290,0.377698,-0.051408,-0.022070,0.034790
1771002453.007120,19.331998,-1.184840,0.757106,0.436698,-0.051885,-0.022809,0.034266
1771002453.012101,19.336979,-1.216263,0.827126,0.418002,-0.053084,-0.022445,0.034839
1771002453.017075,19.341954,-1.282469,0.992495,0.438653,-0.055909,-0.021983,0.034847
1771002453.022066,19.346945,-1.297102,1.021848,0.473801,-0.056276,-0.022389,0.035324
1771002453.027063,19.351942,-1.413567,1.201904,0.518703,-0.058954,-0.022531,0.035927
1771002453.032026,19.356904,-1.457187,1.185101,0.551394,-0.058416,-0.022615,0.036521
1771002453.037011,19.361890,-0.519183,1.468939,0.442842,-0.051664,-0.019640,0.038058
1771002453.041993,19.366872,-1.548877,1.742101,0.563524,-0.062949,-0.021948,0.036896
1771002453.046976,19.371855,-1.540783,1.979532,0.514678,-0.063840,-0.022282,0.038063
1771002453.051953,19.376831,-1.355311,0.973534,0.735151,-0.051483,-0.021059,0.037412
1771002453.056934,19.381813,-1.385013,0.981067,0.782032,-0.051431,-0.021608,0.036940
1771002453.061992,19.386870,-1.342428,1.183716,1.037852,-0.053965,-0.018296,0.036461
1771002453.066903,19.391782,-1.254768,1.166013,1.034150,-0.053891,-0.017890,0.036456
1771002453.071880,19.396759,-1.221420,0.930949,0.752041,-0.050928,-0.020601,0.037087
1771002453.076857,19.401735,-1.110415,0.738791,0.710048,-0.047765,-0.020804,0.037119
1771002453.081861,19.406739,-1.078113,0.648757,0.655115,-0.046139,-0.021137,0.036290
1771002453.086829,19.411708,-1.019960,0.426940,0.581879,-0.042965,-0.021479,0.035681
1771002453.091810,19.416689,-0.939640,0.310821,0.531704,-0.040889,-0.021460,0.034993
1771002453.096792,19.421670,-1.967351,-0.617294,0.159753,-0.032587,-0.029916,0.046980
1771002453.101786,19.426665,-1.360421,2.100434,0.180627,-0.066904,-0.011583,0.057395
1771002453.106755,19.431634,-2.316203,2.770200,-0.067001,-0.075860,-0.024057,0.061445
1771002453.111748,19.436627,-2.214574,2.304667,-0.066003,-0.072911,-0.024251,0.060085
1771002453.116710,19.441589,-2.327217,3.500068,0.190845,-0.078153,-0.028305,0.051267
1771002453.121716,19.446594,-2.188933,3.123107,0.245043,-0.076486,-0.027963,0.049175
1771002453.126746,19.451625,-2.249931,2.045146,0.909471,-0.083515,-0.047044,0.033046
1771002453.131751,19.456630,-2.941528,1.696160,0.570875,-0.080351,-0.056889,0.036281
1771002453.136645,19.461524,-2.775684,1.449549,0.509574,-0.076873,-0.056147,0.035265
1771002453.141634,19.466513,-2.266717,4.267065,0.283620,-0.102103,-0.045448,0.042566
1771002453.146630,19.471509,-2.097540,3.774654,0.303992,-0.099396,-0.044184,0.041183
1771002453.151591,19.476470,-1.924406,3.240114,0.362118,-0.096531,-0.042842,0.040037
1771002453.156582,19.481461,-1.784894,2.580294,0.415072,-0.092401,-0.043120,0.038921
1771002453.162172,19.487051,-2.459430,2.125123,0.238827,-0.090211,-0.052725,0.043172
1771002453.166988,19.491867,-2.302140,1.982644,0.248902,-0.088301,-0.051821,0.042068
1771002453.171951,19.496830,-2.288921,1.683299,0.164364,-0.083748,-0.052609,0.041197
1771002453.176515,19.501394,-2.155708,1.663256,0.132177,-0.083311,-0.051534,0.041663
1771002453.181496,19.506375,-2.088073,2.127712,0.081392,-0.096893,-0.056542,0.042316
1771002453.186482,19.511360,-2.198607,1.589395,0.129700,-0.082095,-0.051821,0.041603
1771002453.191450,19.516328,-2.196947,1.797808,0.207951,-0.084972,-0.052063,0.041931
1771002453.196535,19.521414,-2.217391,1.894082,0.224249,-0.086619,-0.052152,0.041915
1771002453.201426,19.526305,-2.249758,1.930028,0.215071,-0.087120,-0.051468,0.042334
1771002453.206404,19.531283,-2.290233,2.011895,0.288121,-0.088211,-0.052098,0.041864
1771002453.211387,19.536266,-2.283747,1.993088,0.269364,-0.087717,-0.051725,0.042837
1771002453.216372,19.541251,-2.365285,2.387852,0.336584,-0.091494,-0.052201,0.042034
1771002453.221340,19.546219,-2.393085,2.622540,0.348610,-0.092210,-0.051698,0.042647
1771002453.226322,19.551201,-2.456888,2.676344,0.337685,-0.093215,-0.052474,0.043912
1771002453.231327,19.556206,-1.785925,2.791286,0.474278,-0.093522,-0.043926,0.038454
1771002453.236346,19.561225,-1.823364,2.949404,0.411258,-0.094560,-0.042937,0.039421
1771002453.241267,19.566146,-1.967577,3.202185,0.376210,-0.096359,-0.043489,0.039499
1771002453.246255,19.571134,-2.191668,3.360699,0.363365,-0.096744,-0.045101,0.040029
1771002453.251228,19.576107,-2.308313,3.984758,0.320418,-0.100512,-0.044992,0.041757
1771002453.256225,19.581104,-2.900485,0.861215,0.333157,-0.068211,-0.057961,0.034134
1771002453.261203,19.586081,-3.022605,1.139299,0.431155,-0.072418,-0.057952,0.034929
1771002453.266186,19.591065,-3.133328,1.420715,0.494498,-0.076836,-0.058931,0.035515
1771002453.271139,19.596018,-2.463331,1.799131,0.835438,-0.080660,-0.048210,0.031846
1771002453.276139,19.601018,-2.669744,1.766453,0.883123,-0.070803,-0.043144,0.032709
1771002453.281130,19.606009,-2.001530,4.214953,-0.305867,-0.086410,-0.039480,0.031101
1771002453.286114,19.610993,-1.373535,3.771951,0.213368,-0.076612,-0.021968,0.032791
1771002453.291084,19.615963,-1.489789,4.057560,0.154388,-0.079323,-0.022418,0.033355
1771002453.296067,19.620946,-0.349552,2.451733,-0.166886,-0.061265,-0.014694,0.044613
1771002453.301050,19.625928,-0.397798,2.598675,-0.172632,-0.061756,-0.015131,0.045361
1771002453.306030,19.630909,-0.537315,2.826402,-0.124576,-0.063209,-0.015895,0.045992
1771002453.311014,19.635893,-0.585106,2.976981,-0.124561,-0.063614,-0.016738,0.045716
1771002453.316000,19.640879,-0.441210,0.176658,0.156753,-0.034218,-0.021371,0.032551
1771002453.320985,19.645864,-0.460875,0.319932,0.205096,-0.036158,-0.021485,0.033223
1771002453.325971,19.650849,-0.479682,0.556408,0.242973,-0.039908,-0.020955,0.033997
1771002453.330944,19.655822,-0.519673,0.652601,0.275735,-0.041084,-0.021171,0.034239
1771002453.335930,19.660808,-0.549134,0.761332,0.294492,-0.042707,-0.020561,0.034609
1771002453.340923,19.665802,-0.640200,0.718207,0.321686,-0.042415,-0.021365,0.034512
1771002453.345903,19.670781,-0.668672,0.917101,0.364060,-0.045603,-0.020002,0.034776
1771002453.350871,19.675749,-0.732428,0.925781,0.396837,-0.045762,-0.020669,0.034468
1771002453.355852,19.680731,-0.743674,0.977970,0.382859,-0.046442,-0.019984,0.034489
1771002453.360826,19.685704,-0.770645,0.916513,0.422362,-0.045908,-0.020255,0.034526
1771002453.365820,19.690698,-0.784334,0.943492,0.406976,-0.046417,-0.019838,0.033491
1771002453.370799,19.695678,-0.775488,0.782746,0.407193,-0.043788,-0.020715,0.032353
1771002453.375781,19.700660,-0.764087,0.697338,0.370570,-0.042415,-0.020295,0.031766
1771002453.380761,19.705639,-0.782727,0.439671,0.311815,-0.038374,-0.021354,0.031171
1771002453.385747,19.710626,-0.718490,0.360487,0.273162,-0.037018,-0.020829,0.030044
1771002453.390727,19.715605,-1.387108,0.680647,0.312457,-0.047723,-0.034073,0.034943
1771002453.395703,19.720582,-1.481969,1.512267,0.923155,-0.055799,-0.038061,0.024324
1771002453.400695,19.725574,-1.118455,4.323962,-0.056273,-0.080111,-0.023104,0.033250
1771002453.405673,19.730551,-1.077722,4.192796,-0.042832,-0.078782,-0.023171,0.031477
1771002453.410653,19.735532,-0.975379,3.968812,0.102052,-0.077302,-0.023572,0.030120
1771002453.415640,19.740519,-1.178148,2.780655,1.006441,-0.070168,-0.042098,0.016382
1771002453.420624,19.745502,-1.097138,2.438441,1.089488,-0.068206,-0.041567,0.015454
1771002453.425611,19.750489,-1.667957,2.713648,0.860654,-0.081279,-0.055721,0.019982
1771002453.430625,19.755503,-1.538120,2.329424,0.847620,-0.077967,-0.054639,0.019685
1771002453.435562,19.760440,-1.396199,2.132084,0.771537,-0.075942,-0.052841,0.019668
1771002453.440542,19.765421,-1.343750,1.891931,0.732434,-0.073161,-0.051306,0.018977
1771002453.445524,19.770402,-1.254439,1.651222,0.650463,-0.069981,-0.049103,0.019812
1771002453.450588,19.775466,-0.762703,4.109189,0.348119,-0.096091,-0.041405,0.024719
1771002453.455488,19.780367,-0.680076,3.785218,0.361455,-0.094659,-0.039795,0.024216
1771002453.460478,19.785357,-0.670634,3.384898,0.442449,-0.091980,-0.039289,0.023408
1771002453.465456,19.790334,-1.257624,3.140824,0.374991,-0.091719,-0.050739,0.027931
1771002453.470435,19.795313,-1.201253,3.011941,0.366426,-0.090578,-0.049591,0.027969
1771002453.475412,19.800291,-1.160037,2.995619,0.369993,-0.090822,-0.049085,0.027861
1771002453.480397,19.805275,-1.102092,2.882615,0.382653,-0.090239,-0.047994,0.027552
1771002453.485378,19.810256,-1.120858,2.941953,0.373302,-0.090458,-0.048661,0.027412
1771002453.490360,19.815239,-1.141323,2.905353,0.397542,-0.090218,-0.049043,0.027682
1771002453.495331,19.820210,-1.119431,3.091706,0.350204,-0.090890,-0.048951,0.028255
1771002453.500315,19.825194,-1.149900,2.997281,0.377400,-0.090154,-0.049348,0.028661
1771002453.505344,19.830222,-1.114072,3.237661,0.347887,-0.091994,-0.049417,0.028647
1771002453.510300,19.835179,-1.156555,3.352175,0.378802,-0.092887,-0.049687,0.029520
1771002453.515263,19.840142,-1.108045,3.171595,0.359439,-0.091252,-0.049451,0.029505
1771002453.520243,19.845122,-1.107982,3.290822,0.337776,-0.091545,-0.049673,0.029951
1771002453.525231,19.850109,-1.060156,3.300755,0.337876,-0.091727,-0.049366,0.030315
1771002453.530230,19.855109,-1.085241,3.270375,0.357766,-0.091556,-0.050056,0.030022
1771002453.535194,19.860073,-0.999400,2.695307,0.277932,-0.080901,-0.043138,0.028941
1771002453.540167,19.865046,-0.993015,2.899149,0.277427,-0.081867,-0.043505,0.028986
1771002453.545186,19.870065,-0.356037,2.937208,0.316049,-0.081337,-0.031217,0.024995
1771002453.550153,19.875031,-0.359606,2.925474,0.276130,-0.080937,-0.031742,0.025071
1771002453.555121,19.880000,-0.384879,2.996501,0.308885,-0.082175,-0.031782,0.025525
1771002453.560110,19.884989,-0.481916,3.078020,0.333655,-0.082595,-0.033262,0.025250
1771002453.565099,19.889978,-0.425926,3.297704,0.281961,-0.083298,-0.032737,0.026085
1771002453.570081,19.894960,-0.529412,3.348869,0.310979,-0.084406,-0.033626,0.026342
1771002453.575044,19.899923,-0.546753,3.545494,0.311381,-0.085815,-0.033847,0.026291
1771002453.580038,19.904917,-1.057883,1.112531,0.488386,-0.057986,-0.042559,0.021704
1771002453.585024,19.909903,-1.081609,1.308188,0.590544,-0.060051,-0.043176,0.022627
1771002453.589996,19.914875,-1.366814,0.829310,-0.038272,-0.053154,-0.045037,0.021347
1771002453.595576,19.920455,-1.241563,1.757433,0.735220,-0.067073,-0.046346,0.023464
1771002453.599949,19.924828,-1.285625,1.988884,0.760867,-0.069937,-0.047211,0.024012
1771002453.604949,19.929827,-0.768037,2.151661,0.842296,-0.069438,-0.036058,0.020293
1771002453.609928,19.934807,-0.748817,2.372560,0.860336,-0.071749,-0.035871,0.020738
1771002453.614902,19.939781,-0.735834,2.005702,0.912372,-0.060264,-0.032937,0.021252
1771002453.619901,19.944780,-0.690977,1.991033,0.907786,-0.059827,-0.032206,0.021605
1771002453.624870,19.949749,-0.683870,2.045830,0.923553,-0.060152,-0.032512,0.021297
1771002453.629839,19.954718,-0.711010,2.645775,0.904145,-0.074462,-0.036556,0.021265
1771002453.634828,19.959706,-0.638830,2.112770,0.910601,-0.060792,-0.032403,0.021568
1771002453.639808,19.964687,-0.594550,1.908866,0.887614,-0.058325,-0.031793,0.022162
1771002453.644790,19.969669,-1.515998,2.653327,1.013152,-0.085874,-0.040760,0.018933
1771002453.649754,19.974633,-1.416705,2.456243,1.001860,-0.083573,-0.041236,0.020168
1771002453.654752,19.979630,-1.374846,2.482756,1.022967,-0.083429,-0.041399,0.019680
1771002453.659743,19.984622,-1.337680,2.355399,0.987754,-0.083029,-0.041595,0.020001
1771002453.664731,19.989609,-1.266616,2.377325,0.981192,-0.082535,-0.040629,0.019027
1771002453.669694,19.994573,-2.045262,2.142554,0.872409,-0.082459,-0.050424,0.023554
1771002453.674685,19.999564,-2.054796,1.999003,0.839655,-0.080120,-0.050756,0.022615
1771002453.679674,20.004552,-1.997794,1.862119,0.764144,-0.078249,-0.050271,0.023040
1771002453.684645,20.009524,-3.035866,1.155314,0.396181,-0.074520,-0.057114,0.036022
1771002453.689624,20.014503,-2.996742,1.144663,0.438614,-0.074471,-0.056649,0.036230
1771002453.694602,20.019481,-2.514754,5.997569,-1.003502,-0.104322,-0.039995,0.034868
1771002453.699579,20.024457,-1.085891,5.568390,-2.329320,-0.100569,-0.043882,0.044063
1771002453.704589,20.029467,-1.041131,5.317997,-2.369756,-0.099509,-0.043299,0.043913
1771002453.709552,20.034431,-0.958019,5.239512,-2.339172,-0.099233,-0.042842,0.043646
1771002453.714540,20.039419,-2.830859,5.725869,-1.703041,-0.104950,-0.049255,0.040157
1771002453.719523,20.044402,-2.331409,3.378408,0.343545,-0.098771,-0.043507,0.040430
1771002453.724495,20.049374,-2.189569,3.231864,0.373887,-0.098637,-0.042365,0.039065
1771002453.729933,20.054811,-2.170084,3.184792,0.382755,-0.098444,-0.042664,0.038404
1771002453.734496,20.059375,-2.118876,3.017116,0.345953,-0.096963,-0.042530,0.039605
1771002453.739446,20.064324,-2.108399,2.888295,0.366532,-0.095959,-0.041772,0.039803
1771002453.744434,20.069313,-2.077749,2.929299,0.364505,-0.096403,-0.042035,0.039319
1771002453.749419,20.074298,-2.120008,2.914419,0.356989,-0.096553,-0.041858,0.039350
1771002453.754392,20.079271,-2.167357,2.943883,0.385188,-0.096753,-0.041965,0.038966
1771002453.759372,20.084250,-2.166848,3.075645,0.404456,-0.097077,-0.041917,0.039776
1771002453.764358,20.089237,-2.186834,3.098619,0.374890,-0.097667,-0.042655,0.040041
1771002453.769334,20.094213,-2.216828,3.200952,0.373201,-0.097964,-0.042304,0.040258
1771002453.774317,20.099195,-2.304729,3.441831,0.408304,-0.099709,-0.043085,0.040005
1771002453.779289,20.104168,-2.307353,3.390423,0.345568,-0.099527,-0.043147,0.040556
1771002453.784285,20.109163,-2.332745,3.487109,0.323218,-0.099570,-0.043079,0.041004
1771002453.789257,20.114136,-2.364370,3.580924,0.321796,-0.100701,-0.043417,0.040328
1771002453.794279,20.119158,-2.306399,3.564345,0.304876,-0.099697,-0.042362,0.040240
1771002453.799235,20.124114,-2.239648,3.221308,0.353715,-0.098228,-0.042133,0.039942
1771002453.804219,20.129098,-2.143333,3.059589,0.389764,-0.097415,-0.041608,0.039660
1771002453.809185,20.134064,-2.002379,2.886714,0.355930,-0.095835,-0.040482,0.039857
1771002453.814178,20.139056,-2.749185,2.359957,0.253162,-0.092980,-0.052192,0.043111
1771002453.819144,20.144023,-2.694355,2.026742,0.203103,-0.090844,-0.052134,0.042033
1771002453.824132,20.149011,-2.615703,1.799418,0.141824,-0.087719,-0.051742,0.041081
1771002453.829142,20.154021,-2.592763,1.577347,0.093993,-0.084467,-0.051786,0.040025
1771002453.834110,20.158989,-2.490798,1.421594,0.022510,-0.082026,-0.050357,0.039901
1771002453.839089,20.163968,-2.402085,1.752519,-0.125095,-0.093905,-0.055980,0.039833
1771002453.844066,20.168945,-2.441467,3.104116,0.784994,-0.110106,-0.060292,0.029487
1771002453.849039,20.173918,-2.369865,2.923726,0.767505,-0.108646,-0.059435,0.029022
1771002453.854021,20.178900,-2.017755,5.869562,0.161603,-0.130096,-0.048677,0.037677
1771002453.859024,20.183902,-1.958871,5.713364,0.217175,-0.129531,-0.048884,0.037460
1771002453.863997,20.188876,-2.688799,5.712276,0.098776,-0.130371,-0.058752,0.042463
1771002453.868969,20.193848,-2.681848,5.539283,0.129698,-0.129626,-0.059699,0.042021
1771002453.873960,20.198838,-2.671843,5.459667,0.228239,-0.129812,-0.059646,0.041011
1771002453.878929,20.203808,-2.639866,5.484759,0.219471,-0.129588,-0.059421,0.041094
1771002453.883920,20.208799,-2.549763,5.480139,0.184069,-0.130274,-0.059376,0.042252
1771002453.888887,20.213765,-2.563128,5.477402,0.230405,-0.129802,-0.059020,0.042570
1771002453.893864,20.218743,-0.847737,5.769125,-1.037370,-0.122437,-0.058076,0.049346
1771002453.898862,20.223741,-1.074146,4.805762,-1.621042,-0.107944,-0.070777,0.031955
1771002453.903844,20.228722,-1.151943,4.928391,-1.621829,-0.108672,-0.071807,0.033080
1771002453.908823,20.233702,-2.243109,4.997276,-1.604538,-0.120950,-0.074703,0.030540
1771002453.913804,20.238683,-1.815835,4.533406,-0.158823,-0.124336,-0.047507,0.047870
1771002453.918784,20.243663,-1.807326,4.526356,-0.134886,-0.124338,-0.047364,0.048352
1771002453.923767,20.248646,-1.861143,4.696813,-0.159278,-0.125143,-0.047436,0.048715
1771002453.928741,20.253620,-1.892078,4.760466,-0.200818,-0.125542,-0.047419,0.049030
1771002453.933731,20.258610,-1.870059,4.717049,-0.174749,-0.125212,-0.047434,0.048941
1771002453.938713,20.263592,-1.895452,4.744041,-0.201735,-0.124848,-0.047487,0.048357
1771002453.943694,20.268573,-2.137563,1.655615,-0.170725,-0.091887,-0.055324,0.041724
1771002453.948691,20.273570,-1.706202,4.157810,-0.194677,-0.118337,-0.047334,0.049382
1771002453.953669,20.278548,-1.206644,5.068029,-1.624520,-0.108048,-0.072141,0.033597
1771002453.958651,20.283529,-1.182346,4.957445,-1.660172,-0.108213,-0.071778,0.032926
1771002453.963614,20.288493,-1.166849,4.953118,-1.624321,-0.108034,-0.071370,0.032018
1771002453.968605,20.293484,-1.126222,4.793134,-1.676044,-0.107504,-0.071119,0.032252
1771002453.973586,20.298465,-1.110645,4.740797,-1.610185,-0.107239,-0.070811,0.031708
1771002453.979032,20.303910,-1.131292,4.720089,-1.600454,-0.107787,-0.071421,0.032220
1771002453.983557,20.308435,-1.147427,4.830571,-1.591392,-0.107907,-0.071292,0.032486
1771002453.988535,20.313414,-1.191861,4.886466,-1.673285,-0.108086,-0.072142,0.032802
1771002453.993515,20.318394,-1.160293,5.138082,-1.681869,-0.108636,-0.071600,0.033330
1771002453.998538,20.323416,-1.120625,0.873355,-1.886913,-0.072945,-0.055601,0.043296
1771002454.003491,20.328370,-2.260473,1.848386,-0.046493,-0.095027,-0.055647,0.039689
1771002454.008443,20.333321,-2.289607,2.118015,0.019983,-0.099151,-0.055576,0.040961
1771002454.013458,20.338337,-2.441089,1.892138,0.164403,-0.089153,-0.050656,0.041226
1771002454.018421,20.343300,-2.474184,2.169787,0.258397,-0.091987,-0.050100,0.043657
1771002454.023415,20.348293,-1.982219,2.521283,0.407472,-0.093785,-0.042469,0.040382
1771002454.028411,20.353289,-2.134122,3.000715,0.419611,-0.097092,-0.043213,0.040884
1771002454.033383,20.358262,-2.336666,3.459489,0.363631,-0.100180,-0.044559,0.041683
1771002454.038357,20.363235,-2.471957,3.891679,0.372886,-0.102466,-0.045044,0.043143
1771002454.043330,20.368209,-3.079139,1.157497,0.430335,-0.074712,-0.058068,0.035748
1771002454.048352,20.373231,-1.315503,1.940253,0.936111,-0.077150,-0.041490,0.018790
1771002454.053300,20.378179,-1.351892,2.711088,1.039689,-0.085981,-0.040971,0.019726
1771002454.058283,20.383162,-1.137905,3.601619,0.360591,-0.078655,-0.021242,0.034113
1771002454.063289,20.388167,-1.279989,4.055345,0.234904,-0.080361,-0.021531,0.036282
1771002454.068246,20.393124,-1.151750,2.772516,-0.105414,-0.074732,-0.016203,0.046227
1771002454.073224,20.398103,-1.327878,3.153806,-0.098146,-0.076630,-0.017400,0.047505
1771002454.078207,20.403086,-1.080320,0.363239,0.238005,-0.046880,-0.022460,0.033250
1771002454.083196,20.408075,-1.280612,0.734260,0.414041,-0.051803,-0.022933,0.034323
1771002454.088176,20.413054,-1.344592,0.859724,0.453445,-0.054295,-0.022939,0.035567
1771002454.093160,20.418038,-0.526136,1.019608,0.449571,-0.047081,-0.021098,0.038310
1771002454.098171,20.423050,-0.577052,1.253888,0.493746,-0.050023,-0.020089,0.038870
1771002454.103126,20.428005,-0.665118,1.770013,0.763838,-0.053746,-0.019045,0.038052
1771002454.108118,20.432997,-0.068803,1.892565,0.499732,-0.054892,-0.010228,0.035049
1771002454.113087,20.437966,-0.113160,2.397288,0.752105,-0.058152,-0.008820,0.034915
1771002454.118082,20.442961,-0.199007,2.258713,0.710415,-0.047708,-0.003740,0.037103
1771002454.123047,20.447926,-0.358791,2.455194,0.733609,-0.048720,-0.004929,0.037318
1771002454.128048,20.452927,-1.051661,-0.179939,1.100182,-0.024585,-0.019861,0.029072
1771002454.133018,20.457896,-1.124734,-0.010130,1.218738,-0.026819,-0.019229,0.030375
1771002454.137992,20.462871,-1.296561,0.284472,1.361881,-0.030546,-0.018039,0.029153
1771002454.142967,20.467845,-0.814136,0.471224,1.423582,-0.032386,-0.010215,0.026392
1771002454.147969,20.472848,-0.981701,0.661876,1.488461,-0.033681,-0.009871,0.026032
1771002454.152950,20.477828,-0.206032,0.838629,1.448930,-0.027957,-0.008495,0.028514
1771002454.157932,20.482811,-0.335201,1.126530,1.491420,-0.030686,-0.007690,0.028658
1771002454.162924,20.487802,-0.453132,1.350941,1.505313,-0.032030,-0.007412,0.029021
1771002454.167899,20.492778,-1.499811,0.454219,1.458271,-0.026675,-0.008751,0.025464
1771002454.172876,20.497755,1.093156,1.472722,0.087284,-0.025256,0.020931,0.039564
1771002454.177851,20.502730,-0.173266,1.130156,0.588544,-0.027835,0.012131,0.054847
1771002454.182847,20.507726,-0.952263,-1.147301,0.642004,-0.001074,-0.001255,0.014028
1771002454.187825,20.512704,0.153462,-1.172007,0.646297,0.000100,0.003937,0.028540
1771002454.192803,20.517681,0.075068,0.073295,1.282949,-0.012632,0.001249,0.019651
1771002454.197779,20.522658,-0.444789,-0.513742,0.971329,-0.011323,-0.015069,0.007912
1771002454.202767,20.527646,0.268612,1.137934,0.813969,-0.020958,0.006663,0.020439
1771002454.207748,20.532626,0.095741,1.795867,1.357465,-0.035746,0.000024,0.010064
1771002454.212730,20.537609,0.095655,1.635543,1.426758,-0.033054,-0.000693,0.009498
1771002454.217717,20.542595,0.107851,1.447641,1.400461,-0.031241,-0.000257,0.008476
1771002454.222702,20.547581,0.155376,1.238478,1.327969,-0.029346,0.001295,0.008982
1771002454.227681,20.552560,0.998278,0.933334,1.049527,-0.018537,0.006963,0.010416
1771002454.232662,20.557541,0.285392,0.615254,1.184370,-0.016346,-0.006676,0.015544
1771002454.237642,20.562521,0.285426,0.588093,1.158261,-0.015957,-0.006468,0.015620
1771002454.242604,20.567483,0.271681,0.678923,1.205966,-0.017351,-0.006518,0.015017
1771002454.247618,20.572497,0.221515,0.716469,1.218235,-0.017208,-0.007076,0.014189
1771002454.252971,20.577850,0.796132,1.135317,1.180826,-0.021359,0.005279,0.008618
1771002454.257928,20.582807,0.669491,1.238929,1.253075,-0.022204,0.004096,0.009209
1771002454.262961,20.587839,0.044861,-1.068303,0.677922,0.000311,-0.011927,0.007433
1771002454.267896,20.592775,0.026129,-1.110251,0.628036,0.000513,-0.011626,0.005803
1771002454.272514,20.597393,0.391095,1.823124,0.919544,-0.034970,0.003427,0.009579
1771002454.277563,20.602442,0.374868,1.975907,1.087101,-0.041473,-0.000086,0.008309
1771002454.282497,20.607376,-0.345584,1.926956,1.173724,-0.038931,-0.014538,0.012065
1771002454.287467,20.612345,-0.385154,1.931441,1.227253,-0.039493,-0.015886,0.011078
1771002454.292453,20.617331,0.301591,2.109658,1.042258,-0.043353,0.000071,0.009137
1771002454.297428,20.622307,0.281429,1.784459,1.023281,-0.034679,0.002244,0.009104
1771002454.302418,20.627296,-0.427416,-0.694605,0.543858,-0.007738,-0.014262,0.002516
1771002454.307394,20.632272,0.197018,0.296969,1.296415,-0.012244,-0.012409,-0.009323
1771002454.312371,20.637250,0.187186,0.257572,1.282096,-0.012223,-0.012357,-0.009710
1771002454.317363,20.642241,0.220814,0.303244,1.294562,-0.012310,-0.011756,-0.009483
1771002454.322340,20.647218,-0.800391,0.298751,1.515897,-0.017312,-0.023773,0.003495
1771002454.327317,20.652196,1.150526,-0.054130,1.106050,0.001282,-0.003918,-0.008421
1771002454.332315,20.657194,1.248335,0.202167,1.178018,-0.003845,-0.005415,-0.009878
1771002454.337279,20.662157,1.556819,1.840911,1.224327,-0.026312,0.010884,-0.002875
1771002454.342263,20.667141,0.663705,1.943428,1.611900,-0.034279,0.002412,-0.003806
1771002454.347243,20.672122,1.426531,1.982278,1.316001,-0.028423,0.009529,-0.002285
1771002454.352233,20.677112,-0.683013,-0.182276,1.161078,-0.008571,-0.016783,0.002538
1771002454.357216,20.682095,-1.951130,0.013190,1.061766,-0.011198,-0.024598,-0.011374
1771002454.362185,20.687064,-0.189261,0.093551,1.224349,-0.006300,-0.018520,-0.018013
1771002454.367175,20.692053,-0.389144,-0.361884,1.023784,-0.003480,-0.021522,-0.023241
1771002454.372157,20.697035,-0.082484,-0.241239,1.055410,-0.003764,-0.018010,-0.020490
1771002454.377137,20.702015,-2.083885,0.883554,1.489817,-0.023259,-0.028069,-0.012288
1771002454.382098,20.706977,-1.422674,0.205761,1.439080,-0.004054,-0.008332,-0.013873
1771002454.387108,20.711987,-1.525618,0.104396,1.364254,-0.003384,-0.008919,-0.015022
1771002454.392090,20.716969,-1.244347,1.125658,1.909012,-0.003742,0.005569,-0.002356
1771002454.397049,20.721928,-1.161578,1.211678,1.910082,-0.003390,0.006525,-0.001601
1771002454.402045,20.726924,-1.114433,1.121627,1.927464,-0.003080,0.006180,-0.000782
1771002454.407022,20.731901,-1.253010,1.339021,1.849659,-0.003599,0.005705,-0.001983
1771002454.412008,20.736886,-1.211447,1.059159,1.842830,-0.002192,0.006280,-0.001178
1771002454.416994,20.741873,-1.171458,1.049013,1.886942,-0.001823,0.005634,-0.000760
1771002454.421976,20.746855,-1.211835,1.080502,1.861734,-0.002741,0.005014,-0.001905
1771002454.426963,20.751842,-1.217601,1.219461,1.887400,-0.003336,0.005448,-0.001260
1771002454.431939,20.756818,-1.210569,1.172465,1.882120,-0.002729,0.005895,-0.001498
1771002454.436921,20.761799,-1.218429,1.266458,1.864214,-0.003471,0.005793,-0.001442
1771002454.441894,20.766773,-1.249055,1.271984,1.865051,-0.003593,0.005979,-0.001652
1771002454.446906,20.771785,-1.209589,1.299016,1.914728,-0.003606,0.005504,-0.001375
1771002454.451854,20.776733,-1.248929,1.142626,1.884942,-0.002268,0.005351,-0.001319
1771002454.456846,20.781725,-1.250270,1.169342,1.851834,-0.002359,0.005510,-0.001481
1771002454.461810,20.786689,-1.280927,1.279285,1.856204,-0.003012,0.005476,-0.001716
1771002454.466811,20.791690,-1.270345,1.259564,1.806212,-0.002720,0.005420,-0.001283
1771002454.471790,20.796669,-1.253261,1.194398,1.888730,-0.002761,0.005237,-0.001278
1771002454.476772,20.801651,-1.208059,1.373171,1.850672,-0.003443,0.006232,-0.000686
1771002454.481765,20.806643,-1.243413,1.334478,1.893124,-0.003835,0.006032,-0.001654
1771002454.486747,20.811626,-1.191420,1.238845,1.898871,-0.003178,0.005381,-0.001310
1771002454.491723,20.816602,-1.227566,1.280876,1.912678,-0.003768,0.005616,-0.000703
1771002454.496690,20.821569,-1.272459,1.325384,1.901988,-0.003484,0.004942,-0.002125
1771002454.501686,20.826564,-0.947583,-0.618917,1.226779,0.010296,0.012639,0.007091
1771002454.506663,20.831542,-1.205839,1.271137,1.884079,-0.003330,0.006001,-0.000850
1771002454.511647,20.836525,-1.633173,2.722148,1.771924,-0.010804,-0.000291,-0.008922
1771002454.517067,20.841946,-1.262127,1.273846,1.902567,-0.003706,0.005234,-0.001709
1771002454.522014,20.846892,-1.258109,1.222459,1.908376,-0.003485,0.004690,-0.001758
1771002454.526973,20.851851,-1.239112,1.218349,1.924392,-0.003541,0.005337,-0.001517
1771002454.531562,20.856440,-1.316245,1.335551,1.915867,-0.004063,0.004730,-0.002796
1771002454.536557,20.861436,-1.323998,1.322293,1.892903,-0.004066,0.005181,-0.002014
1771002454.541537,20.866416,-1.308386,1.311904,1.912237,-0.003922,0.005480,-0.001970
1771002454.546525,20.871403,-1.286722,1.360462,1.868790,-0.003615,0.005500,-0.001230
1771002454.551507,20.876386,-1.012793,-0.585242,1.253743,0.009860,0.012162,0.006217
1771002454.556628,20.881506,-1.269280,1.314156,1.917052,-0.003416,0.005256,-0.002089
1771002454.561734,20.886613,-1.246869,1.193238,1.928870,-0.002878,0.005598,-0.001500
1771002454.566557,20.891436,-1.268332,1.327689,1.905875,-0.003562,0.005557,-0.001669
1771002454.571437,20.896316,-1.310063,1.431707,1.907573,-0.003883,0.005351,-0.001955
1771002454.576406,20.901285,-1.276166,1.337052,1.887681,-0.003404,0.005396,-0.002139
1771002454.581399,20.906278,-1.288809,1.201144,1.917838,-0.002973,0.005692,-0.001873
1771002454.586383,20.911262,-1.305081,1.300022,1.879308,-0.003373,0.005245,-0.002420
1771002454.591361,20.916239,-1.228249,1.285770,1.915382,-0.003338,0.005688,-0.001347
1771002454.596342,20.921221,-1.271033,1.285932,1.885594,-0.003566,0.005472,-0.001371
1771002454.601635,20.926514,-1.238485,1.255681,1.911654,-0.003825,0.005910,-0.000494
1771002454.606299,20.931178,-1.261268,1.236051,1.904655,-0.003163,0.005185,-0.001651
1771002454.611285,20.936164,-1.270944,1.392452,1.888731,-0.004187,0.005654,-0.002039
1771002454.616274,20.941153,-1.289286,1.394788,1.876331,-0.003863,0.005537,-0.001735
1771002454.621251,20.946129,-1.283824,1.360470,1.901202,-0.004006,0.004625,-0.002166
1771002454.626240,20.951118,-1.329109,1.350589,1.898932,-0.003561,0.004456,-0.002333
1771002454.631228,20.956107,-1.281778,1.402436,1.903010,-0.004040,0.005281,-0.002141
1771002454.636194,20.961072,-1.296621,1.315095,1.885108,-0.003540,0.004882,-0.001830
1771002454.641169,20.966048,-1.286554,1.465865,1.809687,-0.003243,0.005918,-0.001384
1771002454.646152,20.971031,-1.306762,1.432223,1.858766,-0.003920,0.005144,-0.002082
1771002454.651152,20.976030,-1.009497,-0.532807,1.241148,0.009947,0.013388,0.007157
1771002454.656123,20.981002,-1.323770,1.327685,1.905770,-0.003483,0.004977,-0.002021
1771002454.661106,20.985985,-1.267998,1.279715,1.884339,-0.003568,0.005213,-0.001736
1771002454.666409,20.991287,-1.290618,1.376876,1.874751,-0.003706,0.005052,-0.001292
1771002454.671087,20.995966,0.491141,0.942255,1.349896,-0.003073,0.014106,0.005884
1771002454.676129,21.001008,0.401198,-0.002446,-0.668586,-0.002418,-0.002222,-0.002533
1771002454.681077,21.005956,0.376557,-0.101589,-0.492718,-0.001825,-0.003011,-0.002263
1771002454.686519,21.011398,0.414818,-0.131007,-0.567755,-0.001673,-0.002670,-0.001937
1771002454.691484,21.016362,0.361787,-0.149420,-0.580083,-0.000906,-0.002750,-0.001654
1771002454.696007,21.020885,0.362168,-0.118671,-0.553280,-0.001637,-0.002846,-0.002086
1771002454.700962,21.025841,0.334757,-0.195662,-0.589091,-0.000608,-0.002722,-0.002121
1771002454.705953,21.030832,0.391184,-0.170231,-0.629083,-0.000736,-0.002522,-0.002089
1771002454.710915,21.035793,0.364805,-0.099484,-0.529365,-0.001502,-0.002301,-0.001891
1771002454.715903,21.040782,1.342650,0.300576,1.136532,0.008981,0.015046,0.008866
1771002454.720878,21.045757,-1.276465,1.326166,1.843277,-0.003113,0.005224,-0.000728
1771002454.725860,21.050738,-1.306300,1.298382,1.858490,-0.003163,0.005256,-0.001260
1771002454.730936,21.055814,-1.366269,1.437620,1.852503,-0.003499,0.004997,-0.001811
1771002454.735826,21.060704,-1.033991,-0.624595,1.189650,0.010671,0.011935,0.006826
1771002454.740804,21.065683,-1.294519,1.394776,1.811221,-0.003133,0.005119,-0.001331
1771002454.745787,21.070666,-1.354194,1.520541,1.802477,-0.003773,0.005167,-0.001823
1771002454.751214,21.076092,-1.296587,1.354398,1.840182,-0.003051,0.005645,-0.001130
1771002454.756279,21.081158,-1.272551,1.303213,1.896982,-0.003453,0.005140,-0.001148
1771002454.760756,21.085634,-1.319354,1.428942,1.874640,-0.003262,0.005177,-0.002056
1771002454.765721,21.090599,-1.306972,1.342258,1.902137,-0.003760,0.004822,-0.001900
1771002454.770700,21.095578,-1.262791,1.242566,1.879147,-0.003185,0.004611,-0.001456
1771002454.775678,21.100557,-1.307022,1.341812,1.879021,-0.003099,0.005285,-0.001461
1771002454.781162,21.106041,-1.301311,1.379709,1.831787,-0.003588,0.005131,-0.001621
1771002454.786187,21.111066,-1.321458,1.395254,1.819996,-0.003187,0.005129,-0.001388
1771002454.790639,21.115518,-1.336675,1.484409,1.812053,-0.003724,0.005023,-0.002126
1771002454.795599,21.120477,-1.312630,1.403093,1.805596,-0.003252,0.005373,-0.001718
1771002454.800588,21.125467,-1.366762,1.430562,1.829988,-0.002725,0.005027,-0.001872
1771002454.805584,21.130463,-1.332143,1.365398,1.812143,-0.002930,0.005163,-0.001242
1771002454.810928,21.135807,-1.364377,1.355224,1.847459,-0.003338,0.005232,-0.001831
1771002454.815526,21.140405,-1.963882,1.914478,0.856304,-0.018276,-0.006289,-0.001468
1771002454.820527,21.145406,-1.349391,1.346441,1.835399,-0.003008,0.004812,-0.002426
1771002454.825516,21.150395,-1.349238,1.386406,1.849882,-0.003483,0.004549,-0.001549
1771002454.830560,21.155438,-1.397431,1.318462,1.807499,-0.002705,0.004951,-0.002069
1771002454.835474,21.160353,-1.067784,-0.540705,1.257765,0.009476,0.012159,0.006454
1771002454.840450,21.165329,-1.372922,1.301628,1.879802,-0.002966,0.004469,-0.002062
1771002454.845434,21.170312,-1.358167,1.427856,1.819541,-0.003369,0.005198,-0.001644
1771002454.850418,21.175296,-0.971609,-0.507580,1.245936,0.009202,0.013110,0.007659
1771002454.855395,21.180274,-1.380477,1.438032,1.780704,-0.003037,0.004952,-0.001686
1771002454.860395,21.185273,-1.376282,1.466989,1.757918,-0.003587,0.004879,-0.001793
1771002454.865374,21.190253,-1.393300,1.467662,1.725236,-0.003175,0.004626,-0.002039
1771002454.870338,21.195217,-1.328029,1.428052,1.762313,-0.003185,0.004945,-0.001685
1771002454.875314,21.200193,-1.331673,1.457550,1.796124,-0.003210,0.004658,-0.001291
1771002454.880310,21.205188,-1.363446,1.389829,1.779840,-0.003179,0.004934,-0.001271
1771002454.885293,21.210171,-1.364063,1.354434,1.762285,-0.002722,0.004659,-0.002106
1771002454.890263,21.215142,-1.327052,1.446365,1.737832,-0.003343,0.005490,-0.000766
1771002454.895231,21.220110,-1.384623,1.550470,1.708191,-0.003501,0.004618,-0.001605
1771002454.900222,21.225101,-1.352919,1.476816,1.717123,-0.002767,0.005698,-0.001210
1771002454.905209,21.230088,-1.339281,1.447186,1.748438,-0.003251,0.005268,-0.001479
1771002454.910197,21.235075,-1.378605,1.494247,1.757792,-0.003314,0.004513,-0.001768
1771002454.915186,21.240065,-1.359292,1.296072,1.724766,-0.002307,0.005132,-0.001954
1771002454.920166,21.245044,-1.332183,1.451784,1.764589,-0.003542,0.004881,-0.001524
1771002454.925134,21.250012,-1.319587,1.393173,1.751804,-0.003169,0.004987,-0.001659
1771002454.930116,21.254995,-1.334085,1.486812,1.749136,-0.003731,0.005273,-0.001002
1771002454.935098,21.259977,-1.350115,1.374744,1.796884,-0.003466,0.005029,-0.001762
1771002454.940082,21.264960,-1.384141,1.452680,1.743005,-0.003630,0.004847,-0.002304
1771002454.945062,21.269941,-1.394098,1.543346,1.686283,-0.003399,0.004965,-0.001598
1771002454.950045,21.274924,-1.346421,1.438914,1.746567,-0.003501,0.004684,-0.001800
1771002454.955023,21.279902,-1.350863,1.397378,1.739586,-0.002705,0.005126,-0.001024
1771002454.960044,21.284923,-1.333755,1.488194,1.716083,-0.002974,0.004901,-0.000998
1771002454.964990,21.289869,-1.678268,-0.078209,-0.458236,0.000268,-0.008933,-0.007811
1771002454.969975,21.294854,0.410496,0.156191,-0.679151,-0.004002,-0.001629,-0.001797
1771002454.974952,21.299831,0.352196,-0.000176,-0.724797,-0.002486,-0.001872,-0.002606
1771002454.979929,21.304808,0.421820,-0.057752,-0.803824,-0.001567,-0.002288,-0.001923
1771002454.984951,21.309829,-1.809339,2.755380,0.937810,-0.016378,-0.008069,-0.016495
1771002454.989895,21.314774,-1.352965,1.569927,1.613320,-0.003614,0.005268,-0.001807
1771002454.994901,21.319780,-1.347029,1.446162,1.666009,-0.002910,0.004042,-0.002492
1771002454.999871,21.324750,-1.427619,1.590769,1.592351,-0.003466,0.005165,-0.002239
1771002455.004834,21.329713,-1.343417,1.657476,1.530001,-0.003037,0.004979,-0.001164
1771002455.009830,21.334709,-1.341763,1.710376,1.547310,-0.003879,0.005189,-0.001830
1771002455.014823,21.339701,-1.382628,1.656878,1.409297,-0.003049,0.005315,-0.001511
1771002455.019782,21.344661,0.011570,1.547667,1.341927,-0.002043,0.011190,0.014189
1771002455.024773,21.349651,-1.424004,1.698741,1.339678,-0.003659,0.005080,-0.002001
1771002455.030079,21.354958,-1.377704,1.761907,1.367243,-0.004025,0.004318,-0.002028
1771002455.034726,21.359605,-1.388498,1.700000,1.367467,-0.002878,0.005535,-0.001726
1771002455.039728,21.364606,-1.464735,2.221742,1.763065,-0.010903,-0.003867,-0.001644
1771002455.045264,21.370143,-1.471482,1.769970,1.443327,-0.003793,0.005241,-0.002609
1771002455.049698,21.374577,-1.405393,1.658337,1.564860,-0.003407,0.004532,-0.002290
1771002455.054676,21.379555,-1.379907,1.489531,1.537096,-0.002508,0.005721,-0.001559
1771002455.059657,21.384535,-1.458976,1.551411,1.584682,-0.002917,0.004070,-0.002889
1771002455.064635,21.389513,-1.353865,1.539744,1.609174,-0.003233,0.004598,-0.001360
1771002455.069607,21.394486,-1.381649,1.485922,1.617124,-0.002972,0.004629,-0.002215
1771002455.074590,21.399469,-1.434013,1.663594,1.612236,-0.004000,0.004700,-0.002121
1771002455.079595,21.404474,-1.422129,1.630153,1.652373,-0.003890,0.004304,-0.002580
1771002455.084556,21.409434,-1.351085,1.544699,1.634665,-0.003247,0.004433,-0.001623
1771002455.089549,21.414428,-1.319971,1.816967,1.599419,-0.004787,0.005996,-0.002449
1771002455.094532,21.419410,-1.318545,1.526266,1.741287,-0.005161,0.005724,-0.002624
1771002455.099516,21.424395,-1.261279,1.752261,1.696337,-0.006119,0.005601,-0.003223
1771002455.104555,21.429433,-1.275822,1.681378,1.725673,-0.006276,0.005797,-0.003238
1771002455.109463,21.434342,-1.236209,1.770158,1.763412,-0.007178,0.007285,-0.002979
1771002455.114454,21.439332,-1.251204,1.896451,1.767297,-0.008039,0.006400,-0.004003
1771002455.119416,21.444294,0.183180,1.633689,1.934228,-0.000561,0.008728,0.001933
1771002455.124406,21.449285,0.732017,4.257245,-2.121289,-0.031322,0.025905,0.009559
1771002455.129398,21.454277,0.184908,2.480022,-0.573498,-0.023123,0.002808,-0.014385
1771002455.134375,21.459254,0.255589,2.401562,-0.569129,-0.023249,0.003101,-0.013615
1771002455.139353,21.464231,0.219604,2.433258,-0.594034,-0.022442,0.003077,-0.014003
1771002455.144356,21.469235,0.206326,2.505228,-0.628652,-0.023271,0.003376,-0.014369
1771002455.149330,21.474208,0.235598,2.446024,-0.593699,-0.023339,0.003281,-0.013554
1771002455.154300,21.479179,0.197373,2.369833,-0.546970,-0.021706,0.002269,-0.014608
1771002455.159265,21.484143,0.175814,2.376721,-0.559875,-0.021851,0.001931,-0.014003
1771002455.164370,21.489249,0.038584,2.406545,-0.594759,-0.021328,0.001051,-0.012980
1771002455.169638,21.494517,-1.229413,2.074812,1.658022,-0.008570,0.007554,-0.003358
1771002455.174197,21.499076,-1.272273,1.871632,1.704414,-0.007791,0.006980,-0.003902
1771002455.179212,21.504091,-1.288181,1.965455,1.671721,-0.007404,0.005974,-0.003605
1771002455.184180,21.509058,-1.299143,2.048991,1.621769,-0.007544,0.007140,-0.002505
1771002455.189188,21.514066,-1.298481,1.798475,1.663283,-0.005577,0.005781,-0.002479
1771002455.194558,21.519437,-1.329635,1.789992,1.684913,-0.006236,0.005130,-0.003372
1771002455.199612,21.524491,-1.296316,1.630566,1.666087,-0.004370,0.006171,-0.000939
1771002455.204529,21.529407,-1.351413,1.845059,1.655856,-0.005087,0.005639,-0.002777
1771002455.209101,21.533980,-1.344453,1.639599,1.653788,-0.003896,0.005556,-0.002733
1771002455.214081,21.538959,-1.375183,1.884638,1.620841,-0.005568,0.005692,-0.002175
1771002455.219070,21.543949,-1.417328,1.673980,1.635593,-0.004158,0.004804,-0.002184
1771002455.224048,21.548926,-1.332843,1.626060,1.625678,-0.004096,0.005510,-0.002120
1771002455.229364,21.554242,-1.281333,1.815451,0.930575,-0.015374,0.005194,-0.002285
1771002455.234020,21.558898,0.274074,-0.023462,-1.182387,-0.003026,-0.002449,-0.003071
1771002455.239000,21.563878,0.444357,0.175158,-0.766878,-0.004182,-0.001853,-0.002431
1771002455.243959,21.568838,0.383129,0.051151,-0.763653,-0.003313,-0.002056,-0.002749
1771002455.248971,21.573849,0.474915,0.160154,-0.770925,-0.003837,-0.001772,-0.002363
1771002455.253951,21.578830,0.115456,2.115945,-0.581170,-0.017531,-0.000788,-0.011565
1771002455.258965,21.583844,-1.315580,1.569182,1.641403,-0.004140,0.005695,-0.002293
1771002455.264032,21.588910,-1.352206,1.775178,1.665099,-0.004703,0.005007,-0.002317
1771002455.268880,21.593759,-1.296426,1.598413,1.616640,-0.003819,0.006024,-0.001586
1771002455.273852,21.598730,-1.355608,1.766246,1.597787,-0.004202,0.005798,-0.001632
1771002455.278830,21.603709,-1.340731,1.614572,1.678848,-0.004259,0.004515,-0.001625
1771002455.283826,21.608705,-1.389459,1.681104,1.638461,-0.004177,0.004898,-0.002347
1771002455.288808,21.613687,-1.332458,1.596116,1.679058,-0.004174,0.005046,-0.001751
1771002455.293789,21.618667,-1.405106,1.583815,1.677774,-0.003943,0.004630,-0.002445
1771002455.298823,21.623701,-1.305321,1.559283,1.706836,-0.004036,0.005192,-0.002378
1771002455.303756,21.628634,-1.356325,1.783134,1.639291,-0.004648,0.005640,-0.001872
1771002455.308736,21.633615,-1.466359,1.561912,1.668078,-0.003288,0.004632,-0.002920
1771002455.313720,21.638598,-1.338537,1.876153,1.597442,-0.005185,0.006034,-0.001487
1771002455.318707,21.643586,-1.358489,1.579222,1.694515,-0.003905,0.004648,-0.002276
1771002455.323681,21.648560,-1.338238,1.568438,1.690766,-0.003912,0.005032,-0.002534
1771002455.328667,21.653546,-1.400905,1.565980,1.655156,-0.003808,0.004792,-0.002529
1771002455.333634,21.658513,-1.338686,1.830932,1.654622,-0.005215,0.005108,-0.001818
1771002455.338619,21.663498,-1.453164,1.758337,1.639403,-0.004957,0.004764,-0.002912
1771002455.343599,21.668478,-1.322600,1.728029,1.704587,-0.005395,0.004674,-0.002404
1771002455.348604,21.673483,-1.274498,1.782441,1.615534,-0.005110,0.006144,-0.001411
1771002455.353579,21.678457,-1.325415,1.598313,1.652317,-0.004521,0.005556,-0.002432
1771002455.358568,21.683447,-1.335896,1.768328,1.629910,-0.005064,0.005517,-0.002967
1771002455.363538,21.688417,-1.256163,1.574236,1.736367,-0.004613,0.004991,-0.002560
1771002455.368520,21.693399,-1.335608,1.693735,1.598239,-0.004799,0.006226,-0.001572
1771002455.373495,21.698374,-1.340509,1.742702,1.626000,-0.004488,0.005574,-0.002275
1771002455.378562,21.703441,-1.363841,1.775223,1.588801,-0.005366,0.006212,-0.003026
1771002455.383478,21.708356,-1.337704,1.719882,1.540229,-0.003996,0.006034,-0.001790
1771002455.388427,21.713305,-1.402077,1.820193,1.611542,-0.005611,0.005425,-0.002913
1771002455.393438,21.718317,-1.378132,1.735631,1.681379,-0.004956,0.004826,-0.002925
1771002455.398414,21.723293,-1.418074,1.921712,1.635823,-0.005737,0.005456,-0.003276
1771002455.403386,21.728265,-1.476474,1.872605,1.612783,-0.005361,0.004837,-0.003204
1771002455.408367,21.733245,-1.344166,1.652992,1.649406,-0.004193,0.005775,-0.002303
1771002455.413373,21.738252,-1.404347,1.957744,1.574021,-0.005960,0.005878,-0.002182
1771002455.418343,21.743222,-1.461540,1.717573,1.578598,-0.005418,0.004897,-0.003289
1771002455.423323,21.748201,-1.367198,1.972106,1.456150,-0.006136,0.005882,-0.002598
1771002455.428294,21.753173,-1.447838,2.255426,1.307309,-0.007396,0.006059,-0.002101
1771002455.433282,21.758161,0.550357,-0.030851,-1.732262,0.004361,0.008414,-0.004976
1771002455.438257,21.763135,0.068210,2.405853,-0.772774,-0.019196,0.000296,-0.013196
1771002455.443237,21.768116,0.446972,0.294450,-0.801848,-0.005130,-0.002397,-0.002817
1771002455.448223,21.773102,0.070651,2.469018,-0.819510,-0.019844,0.000602,-0.013102
1771002455.453211,21.778089,0.422801,0.348910,-0.728148,-0.005830,-0.000961,-0.003292
1771002455.458185,21.783064,0.105432,2.444151,-0.794902,-0.020273,0.001073,-0.012688
1771002455.463173,21.788051,0.019458,2.402152,-0.679507,-0.019690,0.000230,-0.013192
1771002455.468154,21.793032,0.402268,0.298976,-0.661279,-0.005841,-0.001155,-0.002846
1771002455.473130,21.798008,0.547251,0.326967,0.693354,0.006210,0.006736,-0.002994
1771002455.478116,21.802995,-0.101521,1.754730,1.866377,0.001576,0.006568,0.002913
1771002455.483112,21.807991,-1.578522,2.199570,1.678730,-0.008323,0.004552,-0.002906
1771002455.488088,21.812967,-0.297997,2.072015,1.718019,0.001301,0.007849,0.002135
1771002455.493066,21.817945,-0.360281,2.000599,1.814813,0.000797,0.006048,0.002617
1771002455.498040,21.822919,-0.355073,2.097370,1.774269,-0.001115,0.007683,0.002586
1771002455.503024,21.827903,-0.348369,1.971254,1.926683,0.000054,0.006638,0.002529
1771002455.508003,21.832882,-0.220025,1.908611,1.977423,0.000263,0.007062,0.002759
1771002455.512983,21.837862,-0.398814,1.967617,1.991858,0.000709,0.006091,0.001340
1771002455.517976,21.842855,-0.903607,2.299208,2.045554,0.000238,0.002350,0.000015
1771002455.522963,21.847841,-0.618655,0.594003,1.946080,0.012461,0.011263,0.011126
1771002455.527945,21.852823,-0.961197,0.943913,2.018283,0.012408,0.011654,0.006605
1771002455.532914,21.857793,-0.688531,0.495754,1.907688,0.012973,0.010940,0.008556
1771002455.537894,21.862772,-0.326326,0.311488,1.896664,0.012160,0.012129,0.011681
1771002455.542872,21.867750,-0.883115,0.333745,1.936756,0.012225,0.012010,0.006713
1771002455.547874,21.872753,0.005114,2.340237,2.215561,-0.000277,0.013365,-0.013919
1771002455.552847,21.877726,-1.351424,2.318545,2.143588,-0.000979,0.002945,-0.003237
1771002455.557822,21.882701,-0.329247,2.289453,2.436542,0.000120,0.010484,-0.016476
1771002455.562823,21.887702,1.971941,0.772801,2.019977,0.016802,0.031298,-0.007776
1771002455.567781,21.892660,2.107087,0.818986,1.999117,0.015146,0.030502,-0.003332
1771002455.572765,21.897644,1.474164,2.168968,2.097343,0.002835,0.024478,-0.016682
1771002455.577747,21.902626,0.784963,1.949034,2.200002,0.005827,0.014827,-0.010714
1771002455.582840,21.907719,3.148298,1.718321,0.529924,0.014300,0.031556,-0.012009
1771002455.587737,21.912616,1.090912,0.620663,0.105675,0.017619,0.010785,-0.024740
1771002455.592716,21.917594,1.711532,1.814088,-1.439796,0.026945,0.031161,-0.011763
1771002455.597757,21.922636,-0.310259,0.621452,0.500591,0.017614,0.006881,-0.016057
1771002455.602690,21.927568,0.150847,2.302674,-0.976362,0.023632,0.022257,0.001305
1771002455.607651,21.932529,1.864077,0.754668,2.176039,0.013641,0.031059,-0.007174
1771002455.612625,21.937504,0.425428,-2.922633,1.083344,0.043107,0.010052,-0.020328
1771002455.617626,21.942505,0.231265,-2.242828,1.425139,0.033357,0.000691,-0.020480
1771002455.622594,21.947473,1.385335,0.586395,2.218343,0.016313,0.029105,-0.008612
1771002455.627576,21.952454,0.799464,2.481766,2.588410,0.004347,0.021793,-0.022032
1771002455.632552,21.957431,1.151923,0.578339,2.645980,0.013976,0.028499,-0.007953
1771002455.637527,21.962406,1.333642,-0.212130,2.497706,0.024599,0.026412,-0.007028
1771002455.642507,21.967385,1.241644,-2.446630,1.684601,0.047011,0.006014,-0.018445
1771002455.647506,21.972384,0.790176,-1.971382,2.388352,0.050794,0.003688,-0.020340
1771002455.652480,21.977358,0.235761,-1.641605,2.656844,0.046344,0.007722,-0.014728
1771002455.657466,21.982345,0.147095,-1.542302,2.810877,0.045345,0.009158,-0.014782
1771002455.662450,21.987328,1.103649,-1.656264,2.808175,0.047986,0.013142,-0.025920
1771002455.667418,21.992297,0.905869,-1.817824,2.738394,0.046908,0.010898,-0.026334
1771002455.672399,21.997278,0.862846,-1.706385,2.796820,0.046464,0.012195,-0.027046
1771002455.677387,22.002265,1.690326,-1.653640,3.041493,0.055300,0.011406,-0.026440
1771002455.682383,22.007262,1.402492,0.655346,4.024733,0.031656,0.023410,-0.017611
1771002455.687364,22.012243,0.608167,-2.921450,3.015228,0.058876,0.005311,-0.030387
1771002455.692343,22.017221,1.855222,-1.666406,3.634200,0.056350,0.013180,-0.020232
1771002455.697318,22.022197,1.386330,-1.932284,3.735381,0.057603,0.009027,-0.021594
1771002455.702295,22.027174,1.964069,-2.049209,3.947188,0.058581,0.019256,-0.024163
1771002455.707270,22.032149,2.060908,-1.777371,4.094831,0.055867,0.020712,-0.023962
1771002455.712258,22.037137,2.017817,-1.619723,4.144253,0.054928,0.020709,-0.025228
1771002455.717252,22.042131,1.944547,-1.742188,4.083680,0.055441,0.020468,-0.024786
1771002455.722229,22.047107,1.770554,-1.965034,3.903376,0.054755,0.019791,-0.026194
1771002455.727211,22.052090,1.977204,-1.790883,3.908915,0.062117,0.012478,-0.020314
1771002455.732184,22.057063,1.965679,-2.086377,3.640713,0.062252,0.012193,-0.020383
1771002455.737167,22.062046,1.297213,1.318948,4.043631,0.029799,0.012415,-0.022250
1771002455.742153,22.067032,3.972928,3.071305,0.073708,0.037513,0.032829,-0.024671
1771002455.747137,22.072015,2.659925,2.953390,0.725373,0.035412,0.026694,-0.015464
1771002455.752126,22.077004,2.457530,3.119548,0.696824,0.037746,0.025866,-0.017779
1771002455.757105,22.081983,3.022562,3.477307,0.467962,0.036091,0.034874,-0.022145
1771002455.762100,22.086978,3.539041,0.316164,1.438057,0.055363,0.024069,-0.029509
1771002455.767063,22.091942,3.612511,0.280545,1.296491,0.056738,0.025440,-0.030113
1771002455.772038,22.096916,2.999440,0.450726,1.267488,0.059308,0.016480,-0.026846
1771002455.777026,22.101905,2.964510,0.297543,1.223744,0.059547,0.016451,-0.027099
1771002455.782022,22.106900,1.285387,-1.525648,3.440619,0.059343,0.003096,-0.050889
1771002455.787004,22.111883,3.149467,-1.540530,3.621205,0.074973,0.020122,-0.037038
1771002455.791990,22.116868,3.023235,-2.473342,3.373521,0.088121,0.025353,-0.040272
1771002455.796978,22.121857,2.828074,-0.966239,3.797906,0.066284,0.014463,-0.041132
1771002455.801932,22.126811,2.766639,0.804340,4.166830,0.052363,0.015842,-0.044837
1771002455.806914,22.131793,2.733799,0.619834,4.052934,0.051214,0.016423,-0.042813
1771002455.811916,22.136795,3.054680,0.353609,3.335129,0.041851,0.023387,-0.042106
1771002455.816905,22.141783,2.363301,0.177311,3.332768,0.042859,0.013689,-0.037599
1771002455.821885,22.146763,3.466640,-0.176987,2.515879,0.044225,0.021493,-0.049434
1771002455.826844,22.151723,3.439432,-0.372285,2.429911,0.043965,0.020929,-0.048288
1771002455.831834,22.156713,3.438770,-0.397177,2.384345,0.042908,0.020760,-0.048159
1771002455.836805,22.161684,3.394925,-0.607851,2.270299,0.043803,0.020746,-0.048058
1771002455.841788,22.166667,3.328763,-1.630361,2.174104,0.053341,0.022248,-0.047811
1771002455.846784,22.171663,3.215207,-0.843921,2.254890,0.043136,0.019628,-0.049139
1771002455.851763,22.176642,3.215981,-0.795386,2.250044,0.042389,0.020014,-0.048526
1771002455.856743,22.181622,3.136364,-0.889236,2.274776,0.042824,0.019717,-0.049148
1771002455.861725,22.186603,3.066581,-1.070622,2.282627,0.043980,0.019077,-0.049526
1771002455.866704,22.191583,3.037022,-0.960108,2.313861,0.042961,0.018978,-0.049994
1771002455.871684,22.196563,2.993706,-0.850744,2.406619,0.042371,0.018611,-0.049607
1771002455.876665,22.201543,2.839509,-0.956372,2.513055,0.043751,0.017493,-0.049917
1771002455.881666,22.206544,2.818171,-0.903544,2.557565,0.044418,0.017715,-0.049916
1771002455.886648,22.211527,2.688066,-0.976463,2.616945,0.044856,0.016726,-0.050627
1771002455.891618,22.216497,2.534107,-1.056920,2.752956,0.045735,0.015072,-0.050823
1771002455.896593,22.221472,3.154287,-1.494255,2.502861,0.048454,0.024299,-0.055276
1771002455.901583,22.226462,3.072093,-1.261470,2.689036,0.046806,0.024197,-0.055694
1771002455.906562,22.231441,2.945229,-1.290351,2.759351,0.047977,0.023319,-0.056047
1771002455.911541,22.236419,2.812351,-1.395595,2.845499,0.048800,0.022362,-0.056507
1771002455.916521,22.241400,2.843928,-1.230674,2.932372,0.049491,0.023153,-0.056408
1771002455.921513,22.246392,2.941530,-0.984742,3.039606,0.048965,0.023287,-0.055799
1771002455.926510,22.251389,1.933697,-0.289623,4.618852,0.058236,0.010797,-0.047920
1771002455.931470,22.256349,2.348862,-1.870664,4.174927,0.075025,0.013727,-0.039855
1771002455.936451,22.261329,2.233138,-2.362794,3.788047,0.076254,0.010445,-0.038385
1771002455.941428,22.266306,2.303280,-2.164494,4.055462,0.075681,0.012809,-0.039350
1771002455.946409,22.271287,2.222501,-0.111261,4.619512,0.059848,0.011824,-0.046683
1771002455.951394,22.276272,2.188999,-0.329257,4.310215,0.060078,0.009269,-0.044965
1771002455.956379,22.281258,2.278696,-0.165126,4.557556,0.059995,0.011760,-0.046133
1771002455.961352,22.286231,2.370572,-0.008576,4.533412,0.059369,0.012867,-0.046162
1771002455.966345,22.291223,3.456511,3.447989,1.875797,0.046478,0.024784,-0.037097
1771002455.971316,22.296194,3.854138,2.928953,0.417123,0.053049,0.032570,-0.023126
1771002455.976360,22.301238,4.193131,2.863099,0.309053,0.051721,0.034182,-0.020889
1771002455.981296,22.306175,2.811678,3.619626,0.274465,0.040992,0.030487,-0.025732
1771002455.986273,22.311152,2.321243,2.874913,0.890057,0.050483,0.023677,-0.021245
1771002455.991250,22.316129,2.182727,3.311698,0.345416,0.045792,0.018176,-0.021924
1771002455.996239,22.321117,2.334818,3.326355,0.210969,0.045627,0.018561,-0.021058
1771002456.001213,22.326091,2.475687,3.352012,0.115243,0.046437,0.018333,-0.021415
1771002456.006194,22.331073,2.655115,3.292675,-0.012307,0.048040,0.018079,-0.020424
1771002456.011174,22.336053,2.797493,3.250902,-0.039304,0.048382,0.018633,-0.019763
1771002456.016177,22.341056,2.862480,3.196434,-0.109130,0.049145,0.017323,-0.019988
1771002456.021151,22.346030,1.671795,3.382481,0.396202,0.043441,0.018059,-0.024677
1771002456.026131,22.351010,0.548508,3.480044,0.600355,0.039267,0.011600,-0.010932
1771002456.031098,22.355977,0.881153,2.674515,0.924953,0.046744,0.016824,-0.011295
1771002456.036088,22.360966,1.658686,3.390866,0.363997,0.044108,0.016973,-0.024909
1771002456.041070,22.365949,1.659000,3.449019,0.374492,0.043146,0.018064,-0.024364
1771002456.046055,22.370933,1.686070,3.381413,0.429658,0.043572,0.018418,-0.024335
1771002456.051039,22.375918,2.890096,3.229212,-0.159178,0.049880,0.016924,-0.020787
1771002456.056021,22.380900,1.622155,3.399371,0.460715,0.043347,0.017936,-0.024607
1771002456.061033,22.385912,2.857891,3.193943,-0.033479,0.049636,0.016666,-0.021753
1771002456.065986,22.390865,2.834750,3.191124,0.042298,0.049052,0.016883,-0.021333
1771002456.070960,22.395839,2.783580,3.220725,0.151561,0.048194,0.017259,-0.021576
1771002456.075944,22.400823,2.331542,3.417332,0.128956,0.043595,0.023685,-0.013381
1771002456.080959,22.405837,2.308236,3.477661,0.190210,0.043716,0.023827,-0.013302
1771002456.085917,22.410796,2.265745,3.501917,0.259968,0.043827,0.024152,-0.013718
1771002456.090898,22.415777,2.200984,3.573699,0.277515,0.043714,0.023457,-0.013727
1771002456.095876,22.420755,2.258642,3.466317,0.387160,0.044999,0.023937,-0.013597
1771002456.100852,22.425730,2.139761,3.588576,0.425540,0.044414,0.023511,-0.013791
1771002456.105832,22.430711,2.125026,3.585442,0.465732,0.046192,0.022953,-0.014293
1771002456.110820,22.435698,2.067979,3.661962,0.443722,0.045751,0.022805,-0.014171
1771002456.115798,22.440676,2.289938,3.172077,0.891796,0.053529,0.026563,-0.013291
1771002456.120778,22.445657,2.448115,3.589172,0.206442,0.045359,0.025342,-0.012321
1771002456.125765,22.450644,1.514257,3.472134,0.470172,0.041585,0.022788,-0.014666
1771002456.130745,22.455624,1.853618,3.409637,0.207630,0.042355,0.024411,-0.012458
1771002456.135728,22.460606,1.771888,3.464007,0.326706,0.042001,0.022859,-0.014992
1771002456.140706,22.465585,1.826055,3.604405,0.203576,0.041660,0.024059,-0.013539
1771002456.145717,22.470595,1.963572,3.688925,0.017766,0.041600,0.024933,-0.013245
1771002456.150682,22.475561,2.279547,3.010256,0.622320,0.050061,0.027472,-0.013560
1771002456.155660,22.480539,2.318319,3.031857,0.591770,0.049016,0.027830,-0.013249
1771002456.160658,22.485537,2.349620,2.995143,0.607301,0.049386,0.027695,-0.013114
1771002456.165620,22.490499,2.474763,2.816710,0.702241,0.050664,0.027582,-0.012646
1771002456.170601,22.495480,2.506999,2.774592,0.683212,0.051139,0.027258,-0.012352
1771002456.175586,22.500464,1.745566,2.778623,0.662210,0.053209,0.016815,-0.007782
1771002456.180565,22.505444,1.766083,2.722057,0.699348,0.053980,0.016542,-0.008531
1771002456.185546,22.510424,0.514666,2.716114,0.887915,0.045550,0.016327,-0.012224
1771002456.190566,22.515445,0.546755,2.686521,0.858846,0.045756,0.016385,-0.012276
1771002456.195521,22.520400,0.406506,3.444627,0.538337,0.039861,0.010738,-0.011502
1771002456.200508,22.525387,0.656293,2.556083,0.758285,0.046738,0.016933,-0.011543
1771002456.205479,22.530358,0.747762,2.577773,0.657977,0.047036,0.017244,-0.011256
1771002456.210515,22.535394,0.612229,3.369381,0.384614,0.040034,0.011276,-0.010641
1771002456.215439,22.540317,1.032878,3.020384,0.160308,0.031116,0.019657,-0.007103
1771002456.220403,22.545282,1.142372,3.054844,-0.035959,0.030767,0.020350,-0.005734
1771002456.225399,22.550278,1.274730,3.004810,-0.097109,0.031148,0.021376,-0.005063
1771002456.230406,22.555284,1.559944,2.265787,0.177515,0.037277,0.025306,-0.005368
1771002456.235367,22.560245,1.701750,2.106162,0.002002,0.038013,0.026678,-0.004719
1771002456.240363,22.565241,1.525224,2.801352,-0.271353,0.031347,0.021529,-0.004647
1771002456.245334,22.570213,1.805119,2.023255,-0.068277,0.036949,0.025375,-0.004753
1771002456.250316,22.575194,1.697999,2.754239,-0.430178,0.030912,0.021808,-0.003666
1771002456.255288,22.580167,1.736268,2.690922,-0.444426,0.032355,0.021344,-0.003447
1771002456.260270,22.585149,2.029954,1.890703,-0.334663,0.038158,0.026090,-0.003333
1771002456.265262,22.590141,1.847683,2.610874,-0.493771,0.032029,0.021079,-0.003756
1771002456.270237,22.595116,1.626875,0.426805,0.931273,0.029620,0.010624,-0.018046
1771002456.275215,22.600093,0.747816,1.531862,-0.190642,0.032159,0.030134,-0.007087
1771002456.280210,22.605089,0.586694,2.359488,-0.246869,0.025349,0.024061,-0.007629
1771002456.285184,22.610063,0.616873,2.417037,-0.248364,0.024947,0.024269,-0.007252
1771002456.290164,22.615042,0.679320,2.693126,0.016063,0.009600,0.016804,-0.007142
1771002456.295175,22.620054,0.629001,2.743296,-0.003934,0.009030,0.016874,-0.006991
1771002456.300134,22.625013,0.876361,1.616758,-0.289663,0.031381,0.030243,-0.006866
1771002456.305113,22.629992,0.279755,1.740330,1.197590,0.004339,0.002906,-0.020290
1771002456.310093,22.634972,0.556093,0.794414,1.180980,0.010057,0.005497,-0.020233
1771002456.315079,22.639958,0.260564,1.235540,0.903376,0.016819,0.008561,-0.023707
1771002456.320060,22.644939,0.731822,2.424197,-0.354160,0.024205,0.024527,-0.007180
1771002456.325039,22.649918,-0.157103,2.624333,0.131498,0.011027,0.003249,-0.004317
1771002456.330024,22.654902,-0.189128,2.347838,-0.356187,0.024406,0.013792,-0.004059
1771002456.335006,22.659885,0.466076,0.274772,0.790288,0.023366,0.012486,-0.022949
1771002456.339984,22.664862,0.789670,2.660301,0.007046,0.008229,0.018026,-0.006991
1771002456.344962,22.669840,-0.454974,1.454607,0.934305,0.015811,-0.000456,-0.019286
1771002456.349949,22.674828,0.328263,1.535023,1.245313,0.004264,0.002728,-0.020974
1771002456.354929,22.679808,0.492372,0.203508,0.728452,0.023287,0.011956,-0.023159
1771002456.359909,22.684788,-0.469586,1.658173,1.208826,0.003725,-0.005691,-0.017535
1771002456.364904,22.689783,-0.466374,1.273843,0.871448,0.016634,-0.001212,-0.019005
1771002456.369880,22.694759,-0.045154,2.650254,-0.028893,0.010010,0.004407,-0.003371
1771002456.374857,22.699736,-0.086478,2.671776,-0.097709,0.010607,0.003621,-0.003333
1771002456.379849,22.704728,-0.057430,2.623169,-0.094733,0.010969,0.003798,-0.003540
1771002456.384830,22.709708,-0.025077,2.582768,-0.109407,0.010544,0.003762,-0.003335
1771002456.389806,22.714685,-0.350380,1.418419,1.042433,0.004267,-0.006045,-0.016635
1771002456.394814,22.719693,-0.302928,1.398044,0.973775,0.004324,-0.005890,-0.016239
1771002456.399767,22.724645,-0.283846,1.397733,1.001599,0.003696,-0.005934,-0.015932
1771002456.404749,22.729628,-0.242650,1.422174,0.950023,0.003638,-0.005818,-0.016117
1771002456.409746,22.734625,-0.174201,1.253061,0.963100,0.003620,-0.006231,-0.015304
1771002456.414717,22.739595,-0.129575,1.199966,0.862154,0.004773,-0.006353,-0.015307
1771002456.419696,22.744575,-0.059548,1.266607,0.903853,0.004462,-0.005792,-0.014439
1771002456.424697,22.749576,-0.007470,1.303401,0.847024,0.004642,-0.005539,-0.014451
1771002456.429657,22.754536,0.076297,1.143856,0.742938,0.005618,-0.005892,-0.014668
1771002456.434646,22.759525,0.047333,1.210027,0.791255,0.004358,-0.006078,-0.015268
1771002456.439622,22.764501,0.171538,1.122620,0.713826,0.005411,-0.006042,-0.013849
1771002456.444614,22.769493,0.191974,1.009638,0.705049,0.005050,-0.006782,-0.014455
1771002456.449582,22.774461,0.251023,0.842647,0.706514,0.005689,-0.006933,-0.013733
1771002456.454556,22.779435,0.331878,0.967100,0.659101,0.005357,-0.006296,-0.013335
1771002456.459564,22.784442,0.427770,0.853733,0.619626,0.005559,-0.006725,-0.012600
1771002456.464529,22.789408,0.524235,0.868302,0.561449,0.004892,-0.006532,-0.012764
1771002456.469509,22.794388,0.663439,0.094255,0.555729,0.012640,-0.003285,-0.011538
1771002456.474509,22.799388,0.560808,0.837310,0.523335,0.005669,-0.006369,-0.012733
1771002456.479478,22.804357,0.631576,0.889656,0.488880,0.005524,-0.005797,-0.012317
1771002456.484442,22.809320,0.630449,0.921941,0.430284,0.005759,-0.006259,-0.012209
1771002456.489440,22.814319,0.678587,0.805655,0.452584,0.005635,-0.005920,-0.012369
1771002456.494412,22.819290,0.838731,0.029640,0.390717,0.012456,-0.002700,-0.011538
1771002456.499405,22.824284,0.730634,0.638467,0.403908,0.007199,-0.005989,-0.011947
1771002456.504380,22.829259,0.932105,0.040186,0.337908,0.012763,-0.002257,-0.010564
1771002456.509358,22.834237,0.923046,-0.127601,0.269477,0.013802,-0.002732,-0.010248
1771002456.514346,22.839225,0.960999,-0.147750,0.274673,0.013616,-0.002522,-0.010365
1771002456.519325,22.844204,0.801789,0.580226,0.364739,0.007098,-0.006444,-0.010976
1771002456.524350,22.849228,-0.257490,-0.305015,0.091124,0.007321,-0.001649,-0.014481
1771002456.529315,22.854193,-0.462471,0.554243,0.294813,-0.001099,-0.006659,-0.016315
1771002456.534273,22.859152,0.024259,-0.696783,-0.446038,0.002679,0.004473,-0.012576
1771002456.539251,22.864130,-0.052658,0.349641,-0.128498,-0.006134,0.001366,-0.013672
1771002456.544232,22.869111,0.000393,0.237979,-0.139949,-0.005299,0.000986,-0.012880
1771002456.549220,22.874098,0.199741,-0.601083,-0.409119,0.002673,0.004805,-0.011199
1771002456.554202,22.879081,0.065471,0.240627,-0.146405,-0.005589,0.000704,-0.012770
1771002456.559182,22.884061,0.097845,0.201597,-0.167108,-0.005541,0.000744,-0.012401
1771002456.564163,22.889042,0.184393,-0.840272,-0.523097,0.004156,0.003406,-0.011176
1771002456.569140,22.894019,0.199359,-0.719092,-0.498573,0.003223,0.004448,-0.011633
1771002456.574123,22.899001,0.119785,0.130943,-0.224948,-0.005235,0.000559,-0.011916
1771002456.579113,22.903992,0.192488,-0.920513,-0.610146,0.004981,0.003319,-0.011300
1771002456.584090,22.908968,-0.446993,-0.716036,-0.760151,0.002722,-0.003810,-0.008737
1771002456.589068,22.913946,-0.618965,0.194317,-0.338521,-0.004956,-0.007829,-0.008310
1771002456.594053,22.918932,-0.623233,0.263030,-0.338509,-0.005809,-0.008181,-0.009015
1771002456.599030,22.923909,-0.658822,0.272589,-0.332601,-0.006087,-0.008481,-0.009271
1771002456.604013,22.928892,-0.420833,-0.621929,-0.623903,0.002662,-0.003489,-0.007709
1771002456.609196,22.934074,-0.612702,0.318421,-0.307128,-0.006096,-0.007966,-0.009046
1771002456.614038,22.938917,-0.605301,0.234651,-0.323296,-0.005327,-0.007769,-0.008388
1771002456.618951,22.943830,-0.435269,-0.642170,-0.650141,0.002407,-0.003935,-0.007918
1771002456.623950,22.948829,-0.420429,-0.618271,-0.644262,0.002585,-0.003555,-0.007516
1771002456.629008,22.953887,-0.432709,-0.674038,-0.690105,0.002852,-0.004054,-0.007778
1771002456.633909,22.958787,-0.527268,0.082495,-0.432680,-0.003959,-0.007232,-0.007744
1771002456.638891,22.963769,-0.741466,2.522347,-0.075037,-0.017617,-0.006532,-0.016903
1771002456.643874,22.968753,-0.398375,-0.664607,-0.682696,0.002766,-0.003985,-0.007586
1771002456.648862,22.973741,-0.516969,0.289430,-0.338859,-0.005964,-0.007339,-0.008230
1771002456.653835,22.978713,-0.419624,-0.779087,-0.737943,0.003645,-0.004660,-0.008041
1771002456.658814,22.983693,-0.487262,0.086048,-0.434552,-0.004830,-0.007366,-0.007622
1771002456.663796,22.988675,-0.386837,-0.735791,-0.718942,0.003162,-0.004167,-0.007819
1771002456.668781,22.993659,-0.372158,-0.766225,-0.746859,0.003765,-0.004166,-0.007710
1771002456.673773,22.998652,-0.511548,-0.903858,-0.936104,0.003796,-0.004653,-0.007980
1771002456.678737,23.003616,-0.420598,0.074946,-0.428900,-0.004103,-0.007054,-0.007294
1771002456.683730,23.008609,-0.336340,-0.789960,-0.778908,0.003981,-0.004475,-0.007518
1771002456.688704,23.013582,-0.321819,-0.730183,-0.739556,0.003110,-0.004354,-0.007482
1771002456.693678,23.018557,-0.282843,-0.709238,-0.727707,0.003384,-0.003921,-0.007199
1771002456.698676,23.023555,-0.335099,-0.767685,-0.739880,0.003700,-0.004449,-0.007652
1771002456.703654,23.028533,-0.428048,0.179043,-0.386574,-0.004931,-0.007590,-0.007777
1771002456.708630,23.033508,-0.349670,0.119909,-0.402923,-0.004239,-0.007458,-0.006917
1771002456.713623,23.038502,-0.354508,0.197036,-0.371607,-0.005080,-0.007382,-0.007905
1771002456.718580,23.043458,-0.246402,-0.745408,-0.767172,0.003675,-0.004336,-0.007034
1771002456.723581,23.048459,-0.272178,-0.651667,-0.717825,0.002613,-0.004082,-0.007013
1771002456.728557,23.053435,-0.370983,0.124328,-0.443486,-0.004440,-0.007357,-0.007854
1771002456.733543,23.058422,-0.406020,-0.036918,-0.513531,-0.003219,-0.007439,-0.007374
1771002456.738525,23.063404,-0.270488,-0.766461,-0.753529,0.003647,-0.004462,-0.007375
1771002456.743499,23.068377,-0.416372,0.059952,-0.463470,-0.004254,-0.007350,-0.007916
1771002456.748499,23.073378,-0.247523,-0.737770,-0.732066,0.003669,-0.004351,-0.006662
1771002456.753471,23.078350,-0.252147,-0.756429,-0.768245,0.003831,-0.003617,-0.007461
1771002456.758444,23.083322,-0.289144,-0.727928,-0.734846,0.003193,-0.004420,-0.007175
1771002456.763459,23.088337,-0.385365,0.122102,-0.460874,-0.004168,-0.007494,-0.007981
1771002456.768412,23.093291,-0.270385,-0.828606,-0.796041,0.004200,-0.004522,-0.007140
1771002456.773396,23.098275,-0.309241,-0.802380,-0.768153,0.004265,-0.004315,-0.007403
1771002456.778379,23.103258,-0.304541,-0.777209,-0.759583,0.003646,-0.004636,-0.007230
1771002456.783356,23.108235,-0.321262,-0.744955,-0.762167,0.003365,-0.004229,-0.007432
1771002456.788363,23.113241,-0.289651,-0.582513,-0.673131,0.002321,-0.003581,-0.007002
1771002456.793320,23.118198,-0.299096,-0.753844,-0.744220,0.003705,-0.004114,-0.007143
1771002456.798314,23.123192,-0.370463,-0.735501,-0.739444,0.002973,-0.004861,-0.007761
1771002456.803285,23.128164,-0.345453,-0.727015,-0.738322,0.003385,-0.004236,-0.007252
1771002456.808270,23.133149,-0.346123,-0.628105,-0.677840,0.002561,-0.003895,-0.007218
1771002456.813250,23.138129,-0.326010,-0.633772,-0.708219,0.002783,-0.003397,-0.007189
1771002456.818234,23.143113,-0.388380,-0.688823,-0.703839,0.002942,-0.004073,-0.007621
1771002456.823210,23.148088,-0.348556,-0.556788,-0.627830,0.002129,-0.003518,-0.007389
1771002456.828185,23.153064,-0.498941,0.272883,-0.313493,-0.005771,-0.007546,-0.008526
1771002456.833183,23.158062,-0.409938,-0.653338,-0.664975,0.002950,-0.003912,-0.007315
1771002456.838161,23.163039,-0.435153,-0.598697,-0.583184,0.002331,-0.004011,-0.007621
1771002456.843138,23.168017,-0.433486,-0.468923,-0.546592,0.001361,-0.003412,-0.007279
1771002456.848120,23.172999,0.310834,-0.502469,-0.449830,0.001263,0.004486,-0.010780
1771002456.853104,23.177982,0.280854,-0.607862,-0.459974,0.002322,0.004228,-0.011137
1771002456.858083,23.182961,0.285414,-0.549565,-0.447696,0.002097,0.004884,-0.011043
1771002456.863053,23.187932,0.285708,-0.435149,-0.376369,0.001138,0.005154,-0.011189
1771002456.868053,23.192932,0.220328,-0.542534,-0.380931,0.002186,0.004963,-0.011442
1771002456.873032,23.197911,0.202423,-0.426449,-0.336992,0.000975,0.004895,-0.011460
1771002456.878014,23.202892,0.020967,0.380930,-0.072478,-0.006126,0.001643,-0.012980
1771002456.882994,23.207873,-0.279951,0.551813,0.285653,-0.000747,-0.006297,-0.014760
1771002456.887980,23.212859,0.294631,-0.758133,-0.519423,0.003659,0.003220,-0.010528
1771002456.892973,23.217851,-0.254044,-0.881926,-0.782258,0.004779,-0.004684,-0.007262
1771002456.897950,23.222828,0.294572,2.539330,-1.192045,-0.016243,0.010210,0.003349
1771002456.902919,23.227798,0.406977,2.381957,-1.274835,-0.014019,0.009450,0.004178
1771002456.907904,23.232782,0.462769,2.257112,-1.264204,-0.012472,0.008527,0.003809
1771002456.912888,23.237766,0.176166,3.046263,-1.794345,-0.024779,0.006910,0.006198
1771002456.917873,23.242752,0.080002,3.194625,-1.714543,-0.026561,0.006863,0.004835
1771002456.922851,23.247730,0.560523,2.293341,-1.300616,-0.014335,0.010285,0.004343
1771002456.927827,23.252706,0.544434,2.355349,-1.251472,-0.015479,0.011000,0.003580
1771002456.932818,23.257697,0.515966,2.544249,-1.393066,-0.018048,0.011336,0.003885
1771002456.937796,23.262675,0.531529,2.491830,-1.334055,-0.017877,0.011354,0.003508
1771002456.942775,23.267654,0.542741,2.441864,-1.307230,-0.016511,0.011327,0.003926
1771002456.947761,23.272640,0.574199,2.342643,-1.227548,-0.016168,0.010965,0.003439
1771002456.952746,23.277625,0.513784,2.292903,-1.240040,-0.013890,0.009978,0.003344
1771002456.957726,23.282604,0.152979,3.052009,-1.721748,-0.025277,0.007144,0.005438
1771002456.962879,23.287758,0.121127,2.983550,-1.615029,-0.024428,0.006733,0.004569
1771002456.967695,23.292574,0.158336,2.859503,-1.652201,-0.023641,0.006131,0.006069
1771002456.972672,23.297550,0.517479,2.310256,-1.249467,-0.012971,0.010224,0.003820
1771002456.977650,23.302529,0.485750,2.185784,-1.188594,-0.011777,0.008958,0.004029
1771002456.982628,23.307507,0.123077,2.895303,-1.617038,-0.023738,0.006030,0.005673
1771002456.987612,23.312491,0.143669,2.916155,-1.600412,-0.023836,0.006513,0.005256
1771002456.992653,23.317532,0.089447,2.885808,-1.544881,-0.023676,0.005858,0.003899
1771002456.997592,23.322471,0.123619,2.901225,-1.637008,-0.023926,0.006076,0.005233
1771002457.002563,23.327442,0.106243,2.920645,-1.570973,-0.023912,0.006380,0.004444
1771002457.007550,23.332429,0.496858,2.166315,-1.203669,-0.011355,0.008833,0.003724
1771002457.012522,23.337400,0.128486,2.916946,-1.631875,-0.023888,0.006023,0.004938
1771002457.017513,23.342392,0.110159,2.899745,-1.571856,-0.024290,0.005614,0.004623
1771002457.022518,23.347396,0.069535,2.846055,-1.549830,-0.022880,0.005435,0.004555
1771002457.027541,23.352420,0.059349,2.804528,-1.524788,-0.022008,0.004983,0.004489
1771002457.032549,23.357428,0.116051,2.708947,-1.438987,-0.021979,0.005209,0.004811
1771002457.037438,23.362316,-0.044959,2.741385,-1.395467,-0.020986,0.003915,0.004653
1771002457.042415,23.367293,0.001475,2.684888,-1.471616,-0.019684,0.003438,0.005997
1771002457.047401,23.372280,-0.003252,2.675470,-1.539191,-0.019626,0.002346,0.006245
1771002457.052426,23.377305,-0.023192,2.659379,-1.449927,-0.020030,0.002558,0.005669
1771002457.057369,23.382248,0.046773,2.780115,-1.588965,-0.021108,0.004348,0.006756
1771002457.062527,23.387405,0.096993,2.903370,-1.647855,-0.023147,0.005583,0.005707
1771002457.067367,23.392246,0.497022,2.267649,-1.284140,-0.013004,0.009400,0.004800
1771002457.072365,23.397244,0.560939,2.271485,-1.242972,-0.013932,0.010405,0.004299
1771002457.077296,23.402174,0.483132,2.376050,-1.242756,-0.015056,0.010456,0.002944
1771002457.082262,23.407141,0.538407,2.325801,-1.246336,-0.015532,0.010402,0.004082
1771002457.087251,23.412130,0.521722,2.474605,-1.349905,-0.017367,0.010670,0.003014
1771002457.092355,23.417233,0.541155,2.341755,-1.280535,-0.015019,0.010286,0.003354
1771002457.097216,23.422095,0.148635,3.098531,-1.711527,-0.025872,0.007206,0.004431
1771002457.102208,23.427087,0.509653,2.216298,-1.175873,-0.013133,0.009520,0.003598
1771002457.107188,23.432067,0.120994,2.996700,-1.678696,-0.024146,0.006446,0.005147
1771002457.112154,23.437032,0.087372,2.904317,-1.584563,-0.023561,0.005832,0.004207
1771002457.117136,23.442014,0.096767,2.755678,-1.529994,-0.021870,0.005256,0.005243
1771002457.122114,23.446993,0.177002,2.901059,-1.630696,-0.023550,0.006680,0.005236
1771002457.127123,23.452002,0.102496,2.987595,-1.645743,-0.024411,0.006226,0.004752
1771002457.132096,23.456975,0.536548,2.244805,-1.285829,-0.012653,0.009666,0.003549
1771002457.137070,23.461949,0.133760,3.016100,-1.701815,-0.024535,0.006756,0.004092
1771002457.142053,23.466932,0.576445,2.298004,-1.333637,-0.014064,0.010069,0.003478
1771002457.147033,23.471911,0.201241,3.112980,-1.808033,-0.025388,0.007957,0.004345
1771002457.152055,23.476934,0.132965,3.085628,-1.716889,-0.025782,0.007131,0.004775
1771002457.157002,23.481881,0.549114,2.311433,-1.336231,-0.014174,0.009780,0.003895
1771002457.162145,23.487024,0.123730,3.055769,-1.756482,-0.023399,0.006581,0.004946
1771002457.166944,23.491822,0.126001,2.921698,-1.683488,-0.022540,0.006438,0.005525
1771002457.171950,23.496829,0.037137,3.037644,-1.729600,-0.022744,0.005329,0.004629
1771002457.176925,23.501804,0.051335,2.860308,-1.598073,-0.022295,0.004846,0.005920
1771002457.181888,23.506767,0.043370,2.827027,-1.527128,-0.022817,0.004625,0.005042
1771002457.186879,23.511758,0.087116,2.941094,-1.685282,-0.023135,0.005635,0.005405
1771002457.191976,23.516855,0.098957,2.981198,-1.690073,-0.023294,0.006105,0.004283
1771002457.196843,23.521721,0.136971,3.027419,-1.740548,-0.024641,0.006606,0.004832
1771002457.201835,23.526713,0.134686,3.137635,-1.826566,-0.025453,0.007184,0.005013
1771002457.206819,23.531698,0.159796,3.123033,-1.760427,-0.025577,0.007376,0.004697
1771002457.211784,23.536662,0.154059,3.110374,-1.800779,-0.025422,0.007305,0.005256
1771002457.216835,23.541713,0.135279,3.083182,-1.738698,-0.025483,0.007085,0.005596
1771002457.221758,23.546637,0.119103,2.882068,-1.575630,-0.024187,0.005796,0.005038
1771002457.226767,23.551646,0.117586,3.128933,-1.780351,-0.025520,0.006777,0.005199
1771002457.231718,23.556597,0.166851,3.041672,-1.756203,-0.024979,0.006826,0.005425
1771002457.236705,23.561583,0.125736,3.025867,-1.723552,-0.024715,0.006448,0.005558
1771002457.241689,23.566568,0.118692,3.122681,-1.769957,-0.025006,0.006983,0.005216
1771002457.247084,23.571963,0.520970,2.338076,-1.306371,-0.014093,0.010124,0.003931
1771002457.252095,23.576974,0.488569,2.456294,-1.367333,-0.015856,0.010318,0.002920
1771002457.257068,23.581947,0.163381,3.003259,-1.715601,-0.024481,0.007350,0.005083
1771002457.262077,23.586955,0.545360,2.248009,-1.230741,-0.013752,0.009777,0.003664
1771002457.266581,23.591460,-0.054041,-0.128620,-0.663079,-0.002775,-0.007022,-0.006354
1771002457.271578,23.596456,0.552011,2.322786,-1.325984,-0.014196,0.010029,0.004181
1771002457.276618,23.601497,0.019607,-1.101540,-1.056343,0.007586,-0.005305,-0.006680
1771002457.281547,23.606425,0.154757,2.970139,-1.642885,-0.024918,0.006878,0.005670
1771002457.286537,23.611416,0.554133,2.130671,-1.157263,-0.011889,0.009237,0.003471
1771002457.291514,23.616393,0.155229,2.893863,-1.619490,-0.023705,0.006410,0.005491
1771002457.296500,23.621379,0.112632,2.884209,-1.556873,-0.024403,0.005772,0.004456
1771002457.301458,23.626337,0.149460,3.042624,-1.737044,-0.024457,0.006739,0.005402
1771002457.306449,23.631328,0.121557,2.823753,-1.544733,-0.023071,0.005963,0.004580
1771002457.311434,23.636312,0.093077,2.792428,-1.511101,-0.022115,0.005533,0.004326
1771002457.316427,23.641305,0.181927,2.947281,-1.677384,-0.024300,0.006687,0.005526
1771002457.321383,23.646262,0.143483,2.952800,-1.623982,-0.024484,0.006646,0.005216
1771002457.326427,23.651306,0.124417,2.950003,-1.617424,-0.024302,0.006506,0.004811
1771002457.331357,23.656236,0.146825,2.974647,-1.629659,-0.025071,0.006612,0.004815
1771002457.336378,23.661257,0.488985,2.179109,-1.158907,-0.012402,0.008971,0.003425
1771002457.341326,23.666205,0.564195,2.198508,-1.220593,-0.012104,0.009886,0.004761
1771002457.346289,23.671168,0.135146,2.964538,-1.625458,-0.024515,0.006627,0.004806
1771002457.351285,23.676164,0.159236,2.975896,-1.643250,-0.024797,0.007068,0.004889
1771002457.356337,23.681216,0.108673,3.017316,-1.639301,-0.024897,0.006422,0.004201
1771002457.361231,23.686110,0.584050,2.243302,-1.304682,-0.012103,0.010025,0.004716
1771002457.366226,23.691105,0.212114,3.008775,-1.793129,-0.024322,0.007303,0.005906
1771002457.371211,23.696090,0.512747,2.260177,-1.246104,-0.012542,0.009697,0.004118
1771002457.376227,23.701105,0.494409,2.133600,-1.140403,-0.011918,0.008800,0.003551
1771002457.381161,23.706040,0.529788,2.201362,-1.194759,-0.012859,0.009378,0.004012
1771002457.386163,23.711042,0.164841,3.080301,-1.772222,-0.025005,0.007107,0.005574
1771002457.391122,23.716000,0.143913,3.080713,-1.712232,-0.025480,0.007017,0.005618
1771002457.396113,23.720992,0.524690,2.193705,-1.205777,-0.012560,0.009151,0.003993
1771002457.401106,23.725985,0.483468,2.293338,-1.257117,-0.013014,0.009450,0.003842
1771002457.406090,23.730969,0.174618,2.782130,-1.521158,-0.023613,0.006242,0.005111
1771002457.411064,23.735942,0.560935,2.111146,-1.156617,-0.011321,0.009116,0.004363
1771002457.416041,23.740920,0.582777,2.060955,-1.087839,-0.011868,0.008782,0.004200
1771002457.421031,23.745910,0.126832,2.827196,-1.507815,-0.023544,0.005927,0.005302
1771002457.426015,23.750894,0.493624,2.100619,-1.126791,-0.011164,0.008471,0.004312
1771002457.431005,23.755883,0.152632,2.878080,-1.609161,-0.023674,0.006123,0.005642
1771002457.435982,23.760860,0.557175,2.119886,-1.169042,-0.010734,0.009153,0.004501
1771002457.440961,23.765840,0.146104,2.849839,-1.597657,-0.023521,0.005999,0.005301
1771002457.445942,23.770821,0.539916,1.992612,-1.040645,-0.011019,0.008106,0.004407
1771002457.450923,23.775802,0.109562,2.895446,-1.560688,-0.024348,0.005816,0.005483
1771002457.455907,23.780786,0.158298,2.900333,-1.663334,-0.023905,0.006259,0.005900
1771002457.460892,23.785771,0.490058,2.105076,-1.095109,-0.012001,0.008542,0.004087
1771002457.465866,23.790745,0.153106,2.851683,-1.545436,-0.023638,0.006201,0.006048
1771002457.470849,23.795728,0.165080,2.829659,-1.566128,-0.023538,0.006342,0.005425
1771002457.475830,23.800709,0.108231,2.869597,-1.555920,-0.023751,0.005597,0.005476
1771002457.480816,23.805694,0.159612,2.900259,-1.614863,-0.023779,0.006661,0.004671
1771002457.485810,23.810689,0.553911,2.168275,-1.199868,-0.011458,0.009500,0.004418
1771002457.490796,23.815675,0.158956,2.943873,-1.669384,-0.023618,0.006501,0.005811
1771002457.495760,23.820639,0.535555,2.281491,-1.296141,-0.012968,0.009671,0.004180
1771002457.500740,23.825619,0.151750,2.818259,-1.543369,-0.023587,0.006103,0.005678
1771002457.505724,23.830603,0.534687,2.071915,-1.112990,-0.011061,0.008570,0.003950
1771002457.510700,23.835578,0.142816,2.881028,-1.587026,-0.023898,0.006151,0.005906
1771002457.515698,23.840576,0.514622,2.181920,-1.194942,-0.011975,0.009089,0.003987
1771002457.520672,23.845551,0.544883,2.099873,-1.107074,-0.011571,0.009011,0.005031
1771002457.525645,23.850523,0.480713,2.206804,-1.181525,-0.012789,0.008851,0.003906
1771002457.530687,23.855566,0.523016,2.217305,-1.220689,-0.012834,0.009179,0.004224
1771002457.535611,23.860490,0.174315,2.924354,-1.633042,-0.024381,0.006703,0.006166
1771002457.540590,23.865468,0.128413,2.874319,-1.572818,-0.023745,0.006064,0.005164
1771002457.545606,23.870485,0.485759,2.307378,-1.279401,-0.013594,0.009305,0.003752
1771002457.550549,23.875428,0.112850,2.959055,-1.611484,-0.024540,0.006213,0.005803
1771002457.555550,23.880428,0.552142,2.166537,-1.166422,-0.012975,0.009283,0.004566
1771002457.560516,23.885395,0.186485,2.924791,-1.615750,-0.024440,0.006887,0.005714
1771002457.565512,23.890391,0.165132,3.015660,-1.693712,-0.024848,0.006942,0.005732
1771002457.570505,23.895384,0.568164,2.177467,-1.237072,-0.011403,0.009418,0.004118
1771002457.575460,23.900339,0.518046,2.268076,-1.230572,-0.013684,0.009481,0.004001
1771002457.581168,23.906047,-0.337061,2.411229,-0.581790,-0.018096,-0.003849,-0.014411
1771002457.585445,23.910324,0.238821,2.969205,-1.774003,-0.023508,0.007340,0.006228
1771002457.590418,23.915297,0.120956,3.002316,-1.657173,-0.024656,0.006647,0.005394
1771002457.595397,23.920276,0.570134,2.273931,-1.280289,-0.012690,0.010337,0.004566
1771002457.600384,23.925263,0.159594,2.981371,-1.688345,-0.024167,0.006740,0.005527
1771002457.605358,23.930237,0.567449,2.206528,-1.244038,-0.012167,0.009761,0.005174
1771002457.610341,23.935219,0.105776,3.028137,-1.683146,-0.025047,0.006283,0.005290
1771002457.615320,23.940199,0.115588,3.033230,-1.716274,-0.024555,0.006430,0.005917
1771002457.620379,23.945258,0.201609,2.939557,-1.737623,-0.023532,0.006848,0.006256
1771002457.625285,23.950164,0.709670,2.155201,-1.357077,-0.013159,0.009721,0.003389
1771002457.630364,23.955242,0.489173,2.228876,-1.215327,-0.013035,0.009003,0.004460
1771002457.635389,23.960268,0.108820,2.960391,-1.625831,-0.024575,0.005791,0.005026
1771002457.640435,23.965314,0.164020,2.869466,-1.581726,-0.023987,0.006315,0.005792
1771002457.645706,23.970584,0.557534,2.102045,-1.106186,-0.012576,0.008760,0.003825
1771002457.650704,23.975583,0.130500,3.039301,-1.683480,-0.024926,0.006633,0.005607
1771002457.655189,23.980067,0.174039,2.971308,-1.670409,-0.024705,0.006542,0.005314
1771002457.660167,23.985045,0.139093,3.055236,-1.695947,-0.024934,0.006825,0.005082
1771002457.665153,23.990032,0.183768,2.853597,-1.562327,-0.024326,0.006406,0.004866
1771002457.670129,23.995008,0.142988,2.982703,-1.679918,-0.024748,0.006402,0.005980
1771002457.675115,23.999994,0.538215,2.265798,-1.254716,-0.014050,0.009760,0.004559
1771002457.680079,24.004957,0.558831,2.134751,-1.159204,-0.012139,0.009261,0.003698
1771002457.685077,24.009956,0.199029,2.956180,-1.683310,-0.024779,0.007031,0.005936
1771002457.690050,24.014929,0.559246,2.260058,-1.275990,-0.012535,0.009996,0.004825
1771002457.695021,24.019900,0.565865,2.163582,-1.186110,-0.012677,0.009434,0.004502
1771002457.700012,24.024891,0.163225,3.079816,-1.779911,-0.024652,0.007022,0.006195
1771002457.704990,24.029869,0.163259,3.010136,-1.721216,-0.025080,0.006721,0.005689
1771002457.709976,24.034855,0.166497,3.005978,-1.720928,-0.024671,0.006844,0.005890
1771002457.714949,24.039828,0.548888,2.169851,-1.187083,-0.012015,0.009577,0.004755
1771002457.719927,24.044806,0.166159,2.949948,-1.633535,-0.024057,0.006679,0.005682
1771002457.724924,24.049803,0.108625,3.061337,-1.665769,-0.025058,0.006607,0.005384
1771002457.729908,24.054786,0.518249,2.248090,-1.182172,-0.013133,0.009682,0.004205
1771002457.734882,24.059761,0.570410,2.186277,-1.170215,-0.012952,0.009849,0.004622
1771002457.739872,24.064751,0.139967,3.032106,-1.637609,-0.025346,0.007025,0.006109
1771002457.744843,24.069722,0.167426,2.939345,-1.635284,-0.024637,0.006759,0.005832
1771002457.749833,24.074712,0.179088,2.901636,-1.676753,-0.023931,0.006514,0.006454
1771002457.754804,24.079683,0.536354,2.218981,-1.197927,-0.012546,0.009741,0.004388
1771002457.759794,24.084673,0.533257,2.326618,-1.309690,-0.012710,0.010424,0.004852
1771002457.764767,24.089646,0.553807,2.100393,-1.138435,-0.012286,0.008867,0.004420
1771002457.769760,24.094639,0.548674,2.293194,-1.274174,-0.013717,0.010233,0.005144
1771002457.774747,24.099626,0.542340,2.266226,-1.251835,-0.013353,0.009735,0.004585
1771002457.779733,24.104611,0.179896,3.006606,-1.705189,-0.024301,0.007072,0.005603
1771002457.784714,24.109592,0.096875,2.960649,-1.629827,-0.024475,0.006236,0.005728
1771002457.789683,24.114562,0.560660,2.204721,-1.211879,-0.013626,0.009315,0.004457
1771002457.794668,24.119547,0.507877,2.271812,-1.200441,-0.013528,0.009819,0.004292
1771002457.799659,24.124537,0.579736,2.248240,-1.267571,-0.013521,0.009834,0.004868
1771002457.804634,24.129513,0.170542,2.996731,-1.652406,-0.025380,0.006776,0.005641
1771002457.809608,24.134486,0.515651,2.208951,-1.195151,-0.013281,0.009424,0.004474
1771002457.814590,24.139469,0.510178,2.308655,-1.259088,-0.013896,0.010038,0.004287
1771002457.819568,24.144447,0.552572,2.235518,-1.232495,-0.013261,0.009820,0.004944
1771002457.824563,24.149441,0.178395,3.030668,-1.690680,-0.025111,0.007416,0.005976
1771002457.829559,24.154438,0.589725,2.257644,-1.296420,-0.013508,0.010036,0.005232
1771002457.834545,24.159423,0.187706,3.097450,-1.761965,-0.025407,0.007504,0.006102
1771002457.839495,24.164374,0.515919,2.355649,-1.313458,-0.014495,0.010093,0.004942
1771002457.844501,24.169380,0.540256,2.221130,-1.241062,-0.013660,0.009275,0.004406
1771002457.849483,24.174362,0.484491,2.351254,-1.284320,-0.014146,0.009877,0.003981
1771002457.854480,24.179358,0.562853,2.243929,-1.243052,-0.013515,0.009989,0.004728
1771002457.859439,24.184317,0.564971,2.104296,-1.066260,-0.013480,0.009213,0.004119
1771002457.864427,24.189306,0.133088,2.990047,-1.676536,-0.025006,0.006719,0.005640
1771002457.869401,24.194280,0.560525,2.287361,-1.273685,-0.013912,0.009966,0.004522
1771002457.874384,24.199263,0.155478,3.158814,-1.775154,-0.025763,0.007510,0.005517
1771002457.879360,24.204239,0.147626,3.080869,-1.695775,-0.025596,0.007387,0.004465
1771002457.884370,24.209248,0.561095,2.181696,-1.212661,-0.013424,0.009242,0.004897
1771002457.889318,24.214196,0.587870,2.265865,-1.304455,-0.013491,0.009858,0.004201
1771002457.894292,24.219170,0.146047,3.096398,-1.749300,-0.025434,0.007066,0.006194
1771002457.899292,24.224171,0.525005,2.223632,-1.228614,-0.013189,0.009243,0.004280
1771002457.904316,24.229195,0.163574,3.046411,-1.706715,-0.025038,0.007187,0.005696
1771002457.909240,24.234119,0.486482,2.426663,-1.342666,-0.015210,0.010243,0.004579
1771002457.914234,24.239112,0.204760,3.047403,-1.776760,-0.024662,0.007356,0.006297
1771002457.919221,24.244099,0.543196,2.183705,-1.226472,-0.012786,0.009233,0.004793
1771002457.924187,24.249066,0.554917,2.290310,-1.296437,-0.013561,0.009961,0.005047
1771002457.929180,24.254059,0.511324,2.195289,-1.198836,-0.012793,0.009084,0.004502
1771002457.934144,24.259022,0.561872,2.278599,-1.269426,-0.013636,0.010068,0.004730
1771002457.939140,24.264019,0.174402,3.069540,-1.761397,-0.025358,0.007024,0.006506
1771002457.944121,24.269000,0.522917,2.203777,-1.244329,-0.012420,0.009029,0.004575
1771002457.949105,24.273984,0.123538,3.084574,-1.718234,-0.025560,0.006694,0.005451
1771002457.954083,24.278962,0.495783,2.341491,-1.332438,-0.013598,0.009725,0.004710
1771002457.959164,24.284042,0.516703,2.298532,-1.298151,-0.013091,0.009770,0.005507
1771002457.964060,24.288939,0.119266,3.082928,-1.725491,-0.025315,0.006726,0.005807
1771002457.969027,24.293905,0.110964,2.928942,-1.620723,-0.024091,0.006013,0.005513
1771002457.974010,24.298888,0.143423,3.077891,-1.786065,-0.024643,0.006485,0.006095
1771002457.979518,24.304396,0.479041,2.353415,-1.297245,-0.013469,0.009990,0.004162
1771002457.984737,24.309615,0.227208,2.940404,-1.790673,-0.023926,0.006511,0.006769
1771002457.989265,24.314144,0.492142,2.305611,-1.280918,-0.014299,0.009396,0.003962
1771002457.993934,24.318812,-0.170428,2.297712,1.237329,-0.023370,0.002456,0.015318
1771002457.998935,24.323814,0.412047,1.023635,2.164500,-0.010267,-0.010075,0.001909
1771002458.003915,24.328793,0.407392,0.989926,2.128730,-0.010235,-0.010496,0.001674
1771002458.008904,24.333783,0.433218,-0.723896,1.626904,0.007702,-0.011749,0.012471
1771002458.013883,24.338762,-0.571130,0.906340,2.091410,-0.018184,-0.016897,0.000382
1771002458.018852,24.343731,0.425475,1.051323,2.159252,-0.010900,-0.010083,0.001641
1771002458.023837,24.348716,0.362394,0.869123,2.141330,-0.009093,-0.011343,0.002192
1771002458.028819,24.353697,0.438817,-0.764750,1.645133,0.008317,-0.012046,0.013088
1771002458.033801,24.358679,0.378305,0.796769,2.146943,-0.008223,-0.011196,0.002601
1771002458.038759,24.363637,0.425394,-0.868215,1.575603,0.009946,-0.012567,0.013143
1771002458.043736,24.368615,-0.569753,-0.666592,1.484229,-0.002095,-0.016237,0.010679
1771002458.048737,24.373616,-0.557308,-0.681454,1.474432,-0.001565,-0.016117,0.010574
1771002458.053728,24.378607,-0.586578,0.879220,2.070497,-0.017362,-0.016852,0.000580
1771002458.058712,24.383591,0.362015,-0.987651,1.537056,0.011167,-0.014003,0.013224
1771002458.063678,24.388557,0.373801,-0.873624,1.581029,0.009840,-0.013357,0.013057
1771002458.068664,24.393542,0.428633,-0.781164,1.620444,0.008729,-0.012313,0.012955
1771002458.073650,24.398529,0.357129,0.777453,2.091115,-0.007569,-0.011248,0.002194
1771002458.078617,24.403495,-0.635711,0.912807,2.045768,-0.017479,-0.017274,-0.000390
1771002458.083643,24.408522,0.336187,0.706456,2.136831,-0.007384,-0.011793,0.002536
1771002458.088587,24.413466,0.394623,-0.858549,1.597872,0.009677,-0.012820,0.013405
1771002458.093580,24.418458,0.238277,1.162015,1.594445,-0.016297,-0.009843,-0.004213
1771002458.098544,24.423423,-0.716501,-1.078582,1.344503,0.002987,-0.019120,0.009471
1771002458.103636,24.428514,0.378770,-1.016294,1.513549,0.012158,-0.013739,0.013351
1771002458.109048,24.433927,0.377939,-0.939340,1.566072,0.010715,-0.013337,0.013672
1771002458.113517,24.438396,-0.643801,0.715699,2.002101,-0.016153,-0.017902,0.000215
1771002458.118512,24.443391,0.393209,-0.952029,1.565977,0.011150,-0.013373,0.013277
1771002458.123475,24.448354,0.387313,-0.956471,1.561190,0.011197,-0.013378,0.013193
1771002458.128426,24.453305,0.344420,0.635163,2.101641,-0.006258,-0.011735,0.002570
1771002458.133452,24.458331,-0.672473,-1.128667,1.348917,0.003546,-0.018969,0.009645
1771002458.138957,24.463835,-0.638331,0.742047,1.994927,-0.016293,-0.017877,0.000140
1771002458.143401,24.468280,-0.697603,-1.097370,1.353296,0.003111,-0.018863,0.009580
1771002458.148380,24.473258,0.220577,0.503487,2.123859,-0.005473,-0.013312,0.002764
1771002458.153361,24.478240,-0.710808,-1.274610,1.273301,0.005638,-0.019073,0.009610
1771002458.158333,24.483211,-0.710434,-1.157191,1.332965,0.004104,-0.018716,0.009667
1771002458.163315,24.488193,0.364584,-1.151306,1.503850,0.013443,-0.014330,0.014049
1771002458.168295,24.493174,0.331523,-1.253860,1.471602,0.014640,-0.014745,0.013038
1771002458.173278,24.498157,-0.647685,-0.911639,1.405221,0.001095,-0.018145,0.009789
1771002458.178266,24.503145,0.319273,0.688875,2.149556,-0.007527,-0.012017,0.002291
1771002458.183239,24.508117,0.342198,-1.103121,1.529303,0.012902,-0.014797,0.013650
1771002458.188224,24.513102,-0.611470,-0.969574,1.414396,0.001872,-0.017544,0.010302
1771002458.193208,24.518087,0.330607,0.678121,2.113993,-0.006788,-0.011770,0.002535
1771002458.198187,24.523065,-0.018743,-1.670020,0.779460,0.021386,-0.020075,0.010692
1771002458.203172,24.528051,0.374379,0.652545,2.138896,-0.006442,-0.011423,0.002504
1771002458.208146,24.533025,0.396756,-1.013421,1.544983,0.011868,-0.013503,0.013286
1771002458.213137,24.538016,-0.666468,-1.095843,1.363950,0.003191,-0.019037,0.009217
1771002458.218121,24.543000,0.356404,-1.112539,1.508679,0.013148,-0.014139,0.012887
1771002458.223100,24.547978,0.380232,-1.032014,1.539900,0.012009,-0.013933,0.013056
1771002458.228085,24.552964,0.339020,-1.046404,1.532604,0.011977,-0.014536,0.013235
1771002458.233054,24.557933,0.361977,-0.991483,1.523181,0.011619,-0.013977,0.012791
1771002458.238437,24.563316,0.370899,-1.094696,1.525764,0.012854,-0.014249,0.013374
1771002458.243000,24.567879,0.377669,-0.990965,1.537187,0.011574,-0.013833,0.013063
1771002458.248016,24.572895,0.395698,-1.048806,1.543540,0.012437,-0.013690,0.013348
1771002458.252999,24.577877,0.382066,-1.080382,1.511418,0.012750,-0.013805,0.013021
1771002458.257969,24.582848,0.382015,-1.001487,1.551452,0.011878,-0.013455,0.013219
1771002458.262950,24.587829,0.379522,-0.941254,1.549441,0.010996,-0.013271,0.012651
1771002458.267935,24.592814,0.405225,-0.975810,1.560130,0.011492,-0.013087,0.013256
1771002458.272915,24.597794,0.396966,-1.072862,1.550735,0.012718,-0.013681,0.013263
1771002458.277899,24.602778,0.413744,-0.982377,1.584229,0.011981,-0.013344,0.013528
1771002458.282888,24.607767,0.307402,0.678839,2.104998,-0.007093,-0.012117,0.002047
1771002458.287858,24.612737,0.361817,-1.112170,1.511611,0.012847,-0.014532,0.013017
1771002458.292846,24.617724,-0.641310,-0.997392,1.401559,0.002138,-0.017799,0.010508
1771002458.297826,24.622705,0.378913,0.860912,2.116129,-0.008255,-0.010985,0.001707
1771002458.302802,24.627681,-0.632184,0.718566,1.990896,-0.016503,-0.018010,0.000098
1771002458.307791,24.632670,0.372347,-1.005688,1.532928,0.011624,-0.013915,0.013342
1771002458.312783,24.637661,-0.631019,0.665092,1.970765,-0.016074,-0.018269,-0.000004
1771002458.317765,24.642644,0.341739,0.654366,2.092633,-0.006633,-0.011669,0.002005
1771002458.322731,24.647609,0.346753,-1.013754,1.519406,0.011863,-0.014372,0.012860
1771002458.327712,24.652591,0.355756,-1.003355,1.528153,0.011725,-0.014123,0.013205
1771002458.332699,24.657578,-0.668442,-1.081017,1.375582,0.003096,-0.018719,0.009701
1771002458.337679,24.662558,0.307622,0.699543,2.110471,-0.007181,-0.011953,0.002247
1771002458.342660,24.667539,0.377848,-0.918345,1.569874,0.010602,-0.013555,0.013041
1771002458.347647,24.672525,0.356640,-1.148615,1.510949,0.013294,-0.014721,0.013148
1771002458.352619,24.677498,0.343725,0.784309,2.115683,-0.007725,-0.011645,0.002377
1771002458.357601,24.682480,0.363126,-1.047260,1.514242,0.012225,-0.013939,0.013559
1771002458.362634,24.687513,0.374468,-0.973553,1.533918,0.011392,-0.013905,0.013000
1771002458.367567,24.692446,-0.648603,0.724273,1.999886,-0.016558,-0.017927,0.000460
1771002458.372586,24.697464,0.398583,-0.985674,1.528949,0.011781,-0.013323,0.013272
1771002458.378011,24.702889,0.388506,-0.879287,1.588639,0.009827,-0.013223,0.012790
1771002458.383008,24.707887,-0.599160,-0.887756,1.441087,0.000492,-0.017664,0.010313
1771002458.387971,24.712850,0.390882,-0.939303,1.587978,0.011039,-0.013417,0.013054
1771002458.392468,24.717347,0.399378,-0.950100,1.593734,0.011032,-0.013404,0.013775
1771002458.397468,24.722346,0.390400,-1.006999,1.566509,0.011724,-0.013597,0.013926
1771002458.402443,24.727322,-0.616954,-0.931914,1.403160,0.001347,-0.018004,0.009591
1771002458.407427,24.732306,0.378047,-1.013982,1.546941,0.011718,-0.013809,0.014089
1771002458.412411,24.737290,-0.685849,-1.015676,1.362758,0.001839,-0.018617,0.009856
1771002458.417388,24.742266,0.378134,-1.060908,1.520931,0.012644,-0.013985,0.013477
1771002458.422371,24.747250,0.355342,-1.033473,1.528408,0.012179,-0.014282,0.013466
1771002458.427351,24.752230,-0.672423,-1.100628,1.369967,0.003389,-0.018750,0.010450
1771002458.432335,24.757214,-0.679032,-0.901632,1.384930,0.001050,-0.018030,0.009717
1771002458.437318,24.762196,-0.655418,-0.908210,1.442282,0.000592,-0.018287,0.010247
1771002458.442304,24.767183,-0.646250,-0.872398,1.436299,0.000433,-0.017734,0.010583
1771002458.447293,24.772171,-0.697814,-1.049676,1.361727,0.002489,-0.018651,0.010071
1771002458.452256,24.777135,-0.726582,-1.195480,1.346410,0.004318,-0.019211,0.010158
1771002458.457240,24.782119,0.374088,-0.960262,1.557799,0.011543,-0.013392,0.013876
1771002458.462220,24.787098,0.334101,0.688572,2.138680,-0.006957,-0.012133,0.002803
1771002458.467201,24.792079,0.386489,-0.994060,1.546146,0.011607,-0.013453,0.013767
1771002458.472179,24.797058,0.418324,-0.911654,1.620222,0.010720,-0.012808,0.013819
1771002458.477171,24.802049,-0.621504,-0.987955,1.408370,0.001442,-0.018528,0.009682
1771002458.482155,24.807033,0.420302,-0.893780,1.598137,0.010047,-0.012572,0.013186
1771002458.487132,24.812011,0.353681,0.753415,2.145004,-0.007632,-0.011373,0.002387
1771002458.492105,24.816984,0.400540,-0.928389,1.577812,0.010559,-0.012975,0.013055
1771002458.497098,24.821977,-0.623822,-1.015916,1.390569,0.008255,-0.022900,-0.002977
1771002458.502078,24.826957,0.199319,0.361411,1.238083,-0.010140,-0.009392,-0.005935
1771002458.507063,24.831942,0.441462,-0.862440,1.628735,0.009811,-0.012161,0.012848
1771002458.512042,24.836921,0.390150,0.749379,2.146398,-0.007770,-0.010880,0.002194
1771002458.517029,24.841908,0.420374,-0.914222,1.596445,0.010334,-0.012584,0.013293
1771002458.522004,24.846882,0.420276,-0.949208,1.598159,0.011024,-0.012848,0.013552
1771002458.526996,24.851875,0.439446,-0.897538,1.594255,0.010553,-0.012292,0.012935
1771002458.531966,24.856845,0.417347,-0.931341,1.568566,0.010768,-0.012970,0.012822
1771002458.536951,24.861830,0.385068,-0.959239,1.566222,0.011160,-0.013425,0.012853
1771002458.541931,24.866810,0.379886,-1.032641,1.540864,0.011962,-0.014017,0.013270
1771002458.546920,24.871799,0.356316,-1.144863,1.512854,0.013492,-0.014535,0.013437
1771002458.551903,24.876782,0.335191,-1.049962,1.515743,0.012164,-0.014509,0.013348
1771002458.556879,24.881757,0.358441,-1.071750,1.523549,0.012421,-0.014238,0.013841
1771002458.561861,24.886739,0.333027,-1.104796,1.525494,0.012969,-0.014761,0.013799
1771002458.566839,24.891717,0.300846,-1.124441,1.518397,0.013160,-0.015203,0.013291
1771002458.571833,24.896711,-0.750130,-1.258185,1.279665,0.004940,-0.019833,0.009553
1771002458.576807,24.901686,-0.756187,-1.222020,1.313897,0.004748,-0.019542,0.009573
1771002458.581805,24.906683,-0.794617,-1.364606,1.277730,0.006275,-0.019880,0.009891
1771002458.586782,24.911661,-0.306577,1.898875,-0.293783,-0.012524,-0.006927,-0.013026
1771002458.591767,24.916646,0.096962,2.757882,-1.529071,-0.021518,0.004871,0.005750
1771002458.596740,24.921619,0.063324,2.768235,-1.578956,-0.021239,0.004371,0.006134
1771002458.601713,24.926592,0.056479,2.816150,-1.558748,-0.021532,0.004634,0.005492
1771002458.606709,24.931588,-0.396484,-2.280128,-0.900552,0.014054,-0.013315,-0.006671
1771002458.611689,24.936568,0.359613,-0.948159,1.561449,0.011187,-0.013767,0.013722
1771002458.616684,24.941563,-0.689989,-1.174490,1.355820,0.004192,-0.019108,0.010788
1771002458.621639,24.946518,-0.705886,-1.204838,1.340935,0.004608,-0.019156,0.010380
1771002458.626638,24.951517,0.286967,-1.254202,1.472752,0.014372,-0.015854,0.013856
1771002458.631610,24.956489,-0.734270,-1.185751,1.333813,0.004136,-0.019369,0.009744
1771002458.636589,24.961467,-0.718637,-1.237522,1.330460,0.004830,-0.019230,0.010583
1771002458.641575,24.966454,0.326884,-1.199994,1.494586,0.014032,-0.015177,0.013296
1771002458.646549,24.971428,0.313371,-1.138426,1.479265,0.013433,-0.015122,0.013566
1771002458.651565,24.976444,0.321308,-1.048615,1.540125,0.011989,-0.014891,0.013295
1771002458.656811,24.981690,0.320255,-1.138014,1.497894,0.013400,-0.014979,0.013191
1771002458.662110,24.986988,-0.717389,-1.157515,1.336956,0.003996,-0.019159,0.009598
1771002458.666530,24.991409,-0.717915,-1.142993,1.321884,0.003984,-0.019010,0.009293
1771002458.671459,24.996338,-0.713834,-1.121299,1.328885,0.003442,-0.019080,0.009877
1771002458.676522,25.001401,-0.790958,-1.320039,1.272822,0.005483,-0.020039,0.009990
1771002458.681448,25.006326,-0.720946,-1.166885,1.320888,0.004015,-0.018973,0.009906
1771002458.686423,25.011302,-0.776819,-1.243570,1.275614,0.004993,-0.019323,0.010228
1771002458.691913,25.016792,0.307364,-1.105854,1.487554,0.012953,-0.015148,0.013539
1771002458.696939,25.021817,-0.763199,-1.244020,1.285990,0.004956,-0.019584,0.010234
1771002458.701818,25.026696,-0.786696,-1.293312,1.281755,0.005804,-0.019943,0.010678
1771002458.706321,25.031200,-0.837366,-1.479380,1.230386,0.007770,-0.020292,0.009968
1771002458.711350,25.036229,-0.802698,-1.314050,1.247297,0.005973,-0.020270,0.009803
1771002458.716308,25.041187,-0.759167,-1.314201,1.260402,0.006096,-0.019775,0.010150
1771002458.721286,25.046164,-0.789771,-1.321396,1.272929,0.006142,-0.019815,0.010579
1771002458.726260,25.051139,-0.783320,-1.265160,1.305001,0.005466,-0.019689,0.010431
1771002458.731244,25.056123,-0.801527,-1.377319,1.272722,0.006866,-0.020146,0.010322
1771002458.736224,25.061103,-0.798668,-1.418407,1.267430,0.007350,-0.019989,0.011070
1771002458.741215,25.066094,-0.837551,-1.489128,1.223166,0.007898,-0.020110,0.010466
1771002458.746195,25.071074,-0.798737,-1.407996,1.259536,0.007363,-0.020019,0.010796
1771002458.751185,25.076064,-0.822136,-1.430607,1.265433,0.007259,-0.020342,0.010420
1771002458.756153,25.081031,-0.831125,-1.281757,1.276412,0.005398,-0.020106,0.010110
1771002458.761133,25.086012,-0.853710,-1.496409,1.218307,0.008200,-0.020504,0.009765
1771002458.766114,25.090992,-0.796254,-1.395129,1.258889,0.006837,-0.019867,0.010758
1771002458.771098,25.095977,-0.755431,-1.232823,1.320440,0.005022,-0.019443,0.010359
1771002458.776075,25.100953,-0.835330,-1.453488,1.213723,0.007311,-0.020656,0.009969
1771002458.781065,25.105944,-0.928665,-1.560814,1.172229,0.008740,-0.020402,0.010396
1771002458.786045,25.110924,-0.701909,-1.142660,1.350744,0.004162,-0.018438,0.011495
1771002458.791021,25.115900,-0.669170,0.705133,1.986594,-0.015853,-0.018515,-0.000477
1771002458.796008,25.120887,0.348078,-0.942003,1.568312,0.010512,-0.013865,0.013278
1771002458.800984,25.125863,0.299038,-1.133590,1.502829,0.012844,-0.015174,0.014197
1771002458.805984,25.130863,-0.751203,-1.267077,1.323139,0.005150,-0.019245,0.010858
1771002458.810953,25.135831,0.068077,1.959255,-0.297958,-0.011714,-0.003416,0.007495
1771002458.815928,25.140807,0.128182,2.695028,-1.477714,-0.021052,0.004784,0.005929
1771002458.820910,25.145788,0.036542,2.757943,-1.475283,-0.021679,0.004171,0.005088
1771002458.825945,25.150823,0.034794,2.620583,-1.444052,-0.019891,0.003440,0.005901
1771002458.830875,25.155753,0.040262,2.620395,-1.381933,-0.020937,0.003456,0.005466
1771002458.835856,25.160735,0.079588,2.615690,-1.460309,-0.019570,0.003619,0.006549
1771002458.840847,25.165725,0.058987,2.549019,-1.394936,-0.019312,0.002936,0.006161
1771002458.845826,25.170705,0.067376,2.476500,-1.387118,-0.017461,0.002736,0.006051
1771002458.850808,25.175686,0.036021,2.581004,-1.435670,-0.018871,0.002923,0.007054
1771002458.855784,25.180662,-0.852876,-1.609187,1.162972,0.009417,-0.020899,0.010517
1771002458.860768,25.185646,-0.869105,-1.574966,1.185441,0.009308,-0.020939,0.010548
1771002458.865751,25.190629,-0.926153,-1.747498,1.129431,0.011212,-0.021442,0.010786
1771002458.870728,25.195607,-0.880077,-1.571196,1.177472,0.009223,-0.020755,0.010311
1771002458.875714,25.200592,-0.851242,-1.596361,1.167242,0.009763,-0.020414,0.010444
1771002458.880698,25.205577,-0.814183,-1.409107,1.244922,0.007176,-0.020449,0.010664
1771002458.885679,25.210557,-0.415348,-1.580260,1.178414,0.010530,-0.019187,0.009875
1771002458.890735,25.215614,0.226575,1.887989,1.274196,-0.034490,-0.004418,0.011105
1771002458.895646,25.220525,-0.170583,0.339224,1.356986,-0.024467,-0.011525,0.011635
1771002458.900620,25.225499,-0.547178,-0.030843,1.164775,-0.020609,-0.020084,0.016446
1771002458.905602,25.230480,-0.188578,2.652664,0.631408,-0.051084,-0.006902,0.018728
1771002458.910571,25.235450,-0.116454,2.642665,0.725920,-0.058579,-0.012890,0.017041
1771002458.915584,25.240463,0.124993,2.362438,0.750866,-0.055154,-0.010884,0.015567
1771002458.920543,25.245422,0.256327,2.037659,0.454762,-0.052075,-0.010621,0.017170
1771002458.925525,25.250404,-0.242773,1.854447,0.452885,-0.051236,-0.021620,0.021246
1771002458.930533,25.255412,-0.033826,0.840098,0.568555,-0.037005,-0.017427,0.022396
1771002458.935487,25.260365,-0.014745,0.947897,0.546705,-0.038910,-0.017790,0.022816
1771002458.940489,25.265368,0.012001,0.997009,0.850658,-0.039171,-0.016319,0.023295
1771002458.945454,25.270333,-0.122547,1.040725,0.888908,-0.039178,-0.017846,0.022162
1771002458.950445,25.275324,0.270966,2.223244,0.785888,-0.054082,-0.010099,0.016676
1771002458.955887,25.280766,-0.014016,2.885018,0.601586,-0.062093,-0.009773,0.018564
1771002458.960400,25.285279,-0.776370,0.676731,1.039488,-0.036750,-0.026433,0.011796
1771002458.965375,25.290253,-1.066628,0.647549,1.163672,-0.031372,-0.021397,0.011854
1771002458.970356,25.295235,0.521414,1.109650,1.292418,-0.024295,-0.004815,0.009805
1771002458.975341,25.300219,0.292759,1.479084,1.439843,-0.028757,-0.006953,0.009421
1771002458.980345,25.305223,0.088112,1.616573,1.513332,-0.031232,-0.009128,0.009699
1771002458.985308,25.310186,0.403809,1.823481,1.539130,-0.034877,0.001110,0.006612
1771002458.990322,25.315201,-0.147103,1.940979,2.077635,-0.028294,-0.007731,0.005638
1771002458.995268,25.320146,-0.616161,0.206936,1.759214,-0.012461,-0.019548,0.001413
1771002459.000340,25.325219,-0.732657,-1.732235,1.140473,0.011223,-0.020313,0.009785
1771002459.005231,25.330110,-0.773086,-1.608397,1.213098,0.009844,-0.020927,0.009747
1771002459.010227,25.335105,-0.727151,-1.481583,1.178449,0.008410,-0.020156,0.009993
1771002459.015203,25.340082,-0.683813,0.275051,1.788946,-0.012610,-0.019266,0.000095
1771002459.020184,25.345062,-0.723617,-1.427232,1.256213,0.007757,-0.019908,0.010207
1771002459.025158,25.350037,-0.742747,-1.635898,1.190558,0.009827,-0.020547,0.010582
1771002459.030148,25.355026,-0.719754,-1.511525,1.235283,0.008760,-0.019773,0.010662
1771002459.035597,25.360475,-0.759237,-1.516607,1.233906,0.008399,-0.020031,0.009857
1771002459.040092,25.364971,-0.735892,-1.516454,1.224630,0.008611,-0.019935,0.010142
1771002459.045099,25.369977,-0.748603,-1.483350,1.242830,0.008105,-0.020275,0.010902
1771002459.050077,25.374956,-0.939080,-1.737573,1.191904,0.010858,-0.023078,0.014328
1771002459.055047,25.379925,-1.056381,-1.857699,1.089675,0.013469,-0.023803,0.014149
1771002459.060032,25.384911,-1.017884,-1.880220,1.091714,0.013792,-0.023637,0.014070
1771002459.065010,25.389889,-1.159956,-1.985239,1.039517,0.014706,-0.023016,0.014449
1771002459.069992,25.394871,-0.951777,-1.766036,1.100819,0.011927,-0.021526,0.013028
1771002459.074982,25.399861,0.152254,0.827812,1.474126,-0.023907,0.000043,0.019802
1771002459.079965,25.404843,0.634719,0.363381,1.159816,-0.014811,0.008840,0.019622
1771002459.084943,25.409821,-0.627583,0.824354,1.688779,-0.021229,-0.008290,0.006965
1771002459.089924,25.414803,-0.385248,-0.591777,1.272093,-0.007264,-0.007357,0.018423
1771002459.094908,25.419787,-0.480785,-0.447649,1.393773,-0.010337,-0.004617,0.018411
1771002459.099887,25.424766,0.221258,-0.302391,1.599148,-0.012198,0.004678,0.016078
1771002459.104864,25.429742,0.086729,-0.187511,1.802545,-0.014633,0.003649,0.017991
1771002459.109848,25.434727,0.100546,-0.239895,1.833762,-0.014867,0.003925,0.019759
1771002459.114919,25.439797,1.068134,-0.231931,1.513848,-0.008541,0.009886,0.005596
1771002459.119807,25.444686,1.121466,2.267668,1.506336,-0.038624,0.021918,0.007869
1771002459.124791,25.449669,0.874677,-0.704893,1.574301,-0.002586,0.005424,0.012276
1771002459.129779,25.454658,0.795014,-1.503561,1.368340,0.006828,0.001014,0.013864
1771002459.134761,25.459640,-0.241708,-1.553082,1.323923,-0.002795,0.000442,0.010611
1771002459.139740,25.464618,0.800486,-0.546746,1.553298,-0.011243,-0.000298,0.013189
1771002459.144731,25.469609,1.000532,-1.087054,1.478676,0.000504,0.004291,0.012455
1771002459.149695,25.474574,1.745732,1.579424,1.442417,-0.036214,0.026883,0.021447
1771002459.154682,25.479561,0.733368,1.842128,1.678236,-0.056865,0.015204,0.021651
1771002459.159661,25.484540,-0.250827,1.486947,1.920200,-0.057901,0.007059,0.035018
1771002459.164648,25.489527,0.688057,1.771245,1.793261,-0.055604,0.013913,0.024125
1771002459.169633,25.494512,0.852518,0.973431,1.852977,-0.042434,0.014925,0.026106
1771002459.174596,25.499475,0.414514,-0.182581,2.025620,-0.023835,0.001685,0.016143
1771002459.179608,25.504486,0.395865,-0.459219,1.923956,-0.021545,0.000138,0.017311
1771002459.184585,25.509464,0.483860,-0.510446,1.916324,-0.021190,0.000856,0.018208
1771002459.189558,25.514436,0.559156,-0.476015,1.930429,-0.021581,0.002157,0.020083
1771002459.194552,25.519430,0.484703,-1.011163,1.787045,-0.016287,-0.001834,0.020254
1771002459.199522,25.524400,-0.442410,-1.124098,2.058750,-0.019225,-0.009069,0.004708
1771002459.204506,25.529385,-0.357837,-1.045633,2.109835,-0.020633,-0.009067,0.005501
1771002459.209485,25.534363,-0.369549,-1.004780,2.159129,-0.021494,-0.009107,0.005906
1771002459.214507,25.539386,-0.391427,-1.044766,2.211452,-0.021985,-0.009978,0.007467
1771002459.219453,25.544332,-0.378930,-1.072078,2.219416,-0.022038,-0.010448,0.007827
1771002459.224431,25.549310,-0.362638,-1.250840,2.199283,-0.019428,-0.011027,0.008642
1771002459.229413,25.554291,-0.396002,-1.336779,2.195753,-0.019328,-0.011679,0.008925
1771002459.234392,25.559271,-0.444220,-1.429747,2.174480,-0.018117,-0.012575,0.009330
1771002459.239372,25.564251,0.320583,1.335933,2.651821,-0.054845,0.006215,0.019851
1771002459.244368,25.569247,-0.390870,1.085542,1.867386,-0.071452,0.014912,0.023080
1771002459.249342,25.574221,-0.456044,1.483583,1.942512,-0.082839,0.007787,0.023336
1771002459.254325,25.579204,0.533051,1.607038,1.892268,-0.072558,0.010194,0.025887
1771002459.259310,25.584189,0.541110,1.557054,1.916982,-0.072346,0.009838,0.026090
1771002459.264291,25.589170,0.703756,0.956553,1.939852,-0.060058,0.011822,0.027832
1771002459.269274,25.594153,-0.224029,0.902057,2.079282,-0.072516,0.007989,0.026898
1771002459.274248,25.599126,0.517828,0.703524,1.954258,-0.069391,0.018642,0.024271
1771002459.279657,25.604536,-0.033486,0.149717,1.645364,-0.061855,0.014940,0.028810
1771002459.284215,25.609094,0.003597,0.154468,1.736906,-0.062800,0.014877,0.030400
1771002459.289196,25.614075,0.039323,0.011550,1.649417,-0.061599,0.014522,0.032240
1771002459.294635,25.619514,0.124458,0.006837,1.688582,-0.062145,0.013546,0.034273
1771002459.299564,25.624443,0.186230,0.015847,1.652527,-0.063210,0.014570,0.034661
1771002459.304586,25.629465,0.281461,-0.043685,1.589917,-0.063362,0.015382,0.035546
1771002459.309121,25.634000,0.311473,-0.058950,1.551115,-0.064016,0.015474,0.037085
1771002459.314109,25.638988,0.298406,-0.385763,1.410115,-0.059936,0.012593,0.038463
1771002459.319070,25.643949,1.119991,-0.341084,1.181478,-0.059657,0.026219,0.034955
1771002459.324073,25.648951,0.277970,1.559544,2.273741,-0.089256,0.028534,0.032797
1771002459.329084,25.653963,0.192507,1.534479,2.320411,-0.089345,0.027423,0.033535
1771002459.334023,25.658902,0.353943,1.714843,2.243483,-0.090631,0.028764,0.033783
1771002459.338998,25.663876,0.376666,1.669086,2.254150,-0.091124,0.027332,0.035236
1771002459.344002,25.668880,0.349667,1.417969,2.255685,-0.087345,0.026380,0.037510
1771002459.348973,25.673851,0.376878,1.264002,2.234173,-0.084028,0.024550,0.038640
1771002459.353956,25.678835,-0.170889,0.198440,2.540704,-0.068903,0.010446,0.027693
1771002459.358935,25.683814,-0.093584,-0.014528,2.408179,-0.067449,0.010496,0.029489
1771002459.363920,25.688799,-0.159688,0.476559,2.626859,-0.078082,0.003906,0.030660
1771002459.368901,25.693780,-0.096060,0.389082,2.569427,-0.077553,0.004172,0.032086
1771002459.373889,25.698767,0.569277,0.122775,2.350340,-0.075055,0.013778,0.027515
1771002459.378869,25.703748,0.693586,0.022757,2.248131,-0.074464,0.015121,0.029580
1771002459.383849,25.708728,-0.010152,-1.564732,2.069681,-0.054577,-0.002245,0.035636
1771002459.388824,25.713703,-1.105983,-1.703423,1.905447,-0.064539,-0.002179,0.032392
1771002459.393808,25.718686,-0.949926,-1.546657,1.969662,-0.066989,-0.001410,0.034217
1771002459.398784,25.723663,-0.017877,1.494588,2.817601,-0.108002,0.021945,0.044016
1771002459.403771,25.728649,0.790652,1.434393,2.353824,-0.102518,0.031784,0.041369
1771002459.408763,25.733642,-1.079672,1.654148,3.205248,-0.115937,0.016619,0.031114
1771002459.413743,25.738621,-1.055845,1.422422,3.134225,-0.114018,0.015072,0.033138
1771002459.418729,25.743608,-1.040336,1.454136,3.234120,-0.114924,0.014296,0.033847
1771002459.423697,25.748576,-0.473429,1.458892,1.637166,-0.122689,0.025218,0.027858
1771002459.428681,25.753560,-0.986888,1.260137,3.146866,-0.113374,0.014017,0.035380
1771002459.433663,25.758542,-0.967234,1.227373,3.144341,-0.113658,0.013866,0.036153
1771002459.438645,25.763524,-0.797558,0.601125,2.560301,-0.103341,0.020726,0.035323
1771002459.443632,25.768511,-0.760567,0.668281,2.585442,-0.104817,0.021059,0.035367
1771002459.448627,25.773506,-0.774943,0.467403,2.522608,-0.102896,0.019906,0.035280
1771002459.453592,25.778471,-0.725322,0.653825,2.629487,-0.105515,0.020711,0.036087
1771002459.458559,25.783437,-0.686053,0.487074,2.560566,-0.103743,0.020579,0.036645
1771002459.463556,25.788435,-0.713653,0.475969,2.596957,-0.103476,0.019419,0.037333
1771002459.468546,25.793424,-0.693232,0.545779,2.617839,-0.104934,0.019593,0.037810
1771002459.473519,25.798398,-0.513171,-0.469305,2.468542,-0.088297,0.020989,0.039212
1771002459.478533,25.803411,-0.520672,-0.597236,2.450220,-0.087240,0.020028,0.039816
1771002459.483486,25.808365,-0.484231,-0.711184,2.386969,-0.086439,0.020501,0.040896
1771002459.488521,25.813400,-0.412828,-0.583485,2.407721,-0.088067,0.021072,0.041709
1771002459.493440,25.818318,-0.464778,-0.131697,2.634882,-0.099214,0.011914,0.042531
1771002459.498529,25.823408,-0.441881,-0.142560,2.662528,-0.099174,0.011691,0.043211
1771002459.503419,25.828297,-0.418617,-0.196284,2.642190,-0.098952,0.011868,0.043780
1771002459.508525,25.833403,0.374840,2.484911,2.939180,-0.134951,0.034342,0.051062
1771002459.513374,25.838253,0.383609,2.497640,2.921985,-0.135428,0.034381,0.051266
1771002459.518347,25.843225,-0.439942,-0.232553,2.646067,-0.099364,0.011301,0.044426
1771002459.523338,25.848217,0.399757,2.475518,2.913078,-0.134793,0.034315,0.051600
1771002459.528393,25.853272,-0.433912,-0.145766,2.666009,-0.100781,0.012090,0.043709
1771002459.533292,25.858171,-0.416547,-0.128743,2.678568,-0.100871,0.011992,0.043510
1771002459.538269,25.863147,-0.384118,-0.091128,2.680755,-0.101347,0.012707,0.044025
1771002459.543271,25.868149,0.399956,2.503071,2.902014,-0.135781,0.034832,0.051380
1771002459.548302,25.873181,0.385444,2.491585,2.873393,-0.135742,0.034653,0.051756
1771002459.553229,25.878107,-0.399753,-0.078523,2.691715,-0.101656,0.012407,0.044441
1771002459.558202,25.883081,-0.407279,-0.070716,2.673347,-0.101934,0.012811,0.044002
1771002459.563191,25.888069,-0.379436,-0.095294,2.692848,-0.101624,0.012650,0.044894
1771002459.568171,25.893050,0.368268,2.494914,2.932324,-0.135795,0.034594,0.050562
1771002459.573158,25.898037,-0.425147,-0.034966,2.686635,-0.101707,0.012520,0.043734
1771002459.578299,25.903177,-0.429730,-0.099507,2.672653,-0.101078,0.012351,0.043335
1771002459.583131,25.908010,0.095861,0.828622,0.795512,-0.121361,0.037850,0.024582
1771002459.588078,25.912957,-0.032745,3.785348,1.992242,-0.159314,0.032399,0.008947
1771002459.593073,25.917952,-0.041284,3.753109,1.970483,-0.158294,0.031877,0.008227
1771002459.598043,25.922922,0.056807,3.822684,1.916224,-0.159756,0.033287,0.009181
1771002459.603027,25.927905,0.441467,2.527934,0.822432,-0.148728,0.049988,0.015675
1771002459.608024,25.932903,-0.461622,-0.024869,2.684602,-0.101831,0.012547,0.042779
1771002459.613004,25.937883,-0.453012,-0.776938,2.418396,-0.087398,0.019085,0.042170
1771002459.617979,25.942858,-0.449833,-0.024992,2.674253,-0.101869,0.012550,0.043247
1771002459.623066,25.947945,-0.455467,0.027752,2.690404,-0.102546,0.012851,0.042670
1771002459.627949,25.952827,-0.458516,-0.087133,2.662128,-0.101301,0.012078,0.043235
1771002459.632936,25.957815,-0.422704,-0.047089,2.655704,-0.101561,0.012654,0.043673
1771002459.637902,25.962781,-0.424507,0.007943,2.702361,-0.102133,0.012621,0.043324
1771002459.642888,25.967767,-0.434513,0.016767,2.715561,-0.102391,0.012684,0.043773
1771002459.647883,25.972762,-0.447933,-0.000466,2.695326,-0.102626,0.012891,0.043147
1771002459.652861,25.977740,-0.456308,-0.002316,2.697891,-0.101960,0.012569,0.043204
1771002459.657842,25.982721,-0.418140,0.036092,2.732342,-0.102271,0.012913,0.043119
1771002459.662821,25.987700,-0.460657,0.035218,2.728804,-0.102605,0.012486,0.042743
1771002459.667811,25.992690,-0.459305,-0.007170,2.706830,-0.102194,0.012393,0.043015
1771002459.672776,25.997655,-0.457529,-0.002566,2.691567,-0.102557,0.012669,0.043038
1771002459.677992,26.002871,-0.476743,-0.128199,2.641979,-0.101193,0.011978,0.042883
1771002459.682931,26.007810,-0.484689,-0.049513,2.709412,-0.102021,0.012119,0.042377
1771002459.687744,26.012623,-0.499978,-0.036947,2.724138,-0.102175,0.011804,0.042207
1771002459.692704,26.017583,-0.476017,0.003095,2.704051,-0.102700,0.012269,0.042079
1771002459.697704,26.022583,-0.481538,-0.041526,2.689522,-0.102276,0.012197,0.042178
1771002459.702677,26.027556,-0.439101,0.053580,2.714586,-0.103241,0.013304,0.042358
1771002459.707658,26.032537,-0.458261,0.047886,2.712656,-0.102716,0.013048,0.041821
1771002459.713135,26.038013,-0.427411,-0.609603,2.472880,-0.089692,0.020285,0.041896
1771002459.717627,26.042505,-0.395538,-0.457172,2.525496,-0.091377,0.020641,0.041127
1771002459.722757,26.047636,-0.417278,-0.565056,2.488119,-0.089872,0.019946,0.041958
1771002459.727573,26.052451,-0.404136,-0.627428,2.439789,-0.089253,0.020644,0.042413
1771002459.732556,26.057435,0.757681,4.116552,1.713874,-0.157644,0.049025,0.031789
1771002459.737555,26.062434,0.043281,3.926648,1.962436,-0.161277,0.033820,0.008260
1771002459.742653,26.067532,0.005690,3.855327,1.938985,-0.160854,0.033749,0.008324
1771002459.747758,26.072637,0.036575,3.913715,1.961283,-0.161251,0.033818,0.008211
1771002459.752492,26.077370,0.038594,3.873765,1.942063,-0.160486,0.033393,0.008320
1771002459.757471,26.082349,0.006764,3.882953,1.946840,-0.160830,0.033215,0.008148
1771002459.762823,26.087702,-0.002464,3.906582,1.941853,-0.161268,0.034004,0.007724
1771002459.767440,26.092319,-0.002006,3.904104,1.919975,-0.161223,0.034189,0.007778
1771002459.772457,26.097335,0.789909,3.128266,2.614203,-0.135135,0.034191,0.023719
1771002459.777379,26.102258,-0.406462,-0.464533,2.521982,-0.090427,0.020887,0.041495
1771002459.782381,26.107260,-0.438673,-0.618357,2.459478,-0.089002,0.020701,0.041873
1771002459.787371,26.112250,-0.425900,-0.444328,2.485637,-0.091434,0.021334,0.041729
1771002459.792360,26.117239,-0.508117,-0.579853,2.544230,-0.089744,0.019489,0.040464
1771002459.797328,26.122207,-0.495540,-0.695038,2.455489,-0.088177,0.020048,0.040662
1771002459.802315,26.127193,-0.431572,-0.504587,2.489337,-0.090523,0.020682,0.041631
1771002459.807284,26.132162,-0.461516,-0.621371,2.463182,-0.089136,0.020441,0.041927
1771002459.812277,26.137156,-0.411824,-0.538028,2.501105,-0.089697,0.020338,0.041402
1771002459.817266,26.142145,-0.492598,-0.600643,2.499681,-0.089336,0.019937,0.040542
1771002459.822233,26.147111,-0.475670,-0.529372,2.493085,-0.089997,0.020488,0.041004
1771002459.827224,26.152103,-0.442703,-0.453834,2.503745,-0.091178,0.021509,0.040823
1771002459.832197,26.157076,-0.428115,-0.478561,2.523858,-0.089906,0.020780,0.040910
1771002459.837177,26.162055,-0.482084,-0.452802,2.582781,-0.090586,0.019819,0.040492
1771002459.842158,26.167037,-0.412009,-0.500998,2.458041,-0.089924,0.021411,0.041150
1771002459.847151,26.172030,-0.499567,-0.530888,2.506328,-0.089710,0.020383,0.040310
1771002459.852131,26.177010,-0.449562,-0.467252,2.513862,-0.090512,0.021151,0.040554
1771002459.857117,26.181996,-0.501822,-0.488807,2.520810,-0.090329,0.020424,0.040115
1771002459.862097,26.186975,-0.457484,-0.392984,2.528830,-0.091447,0.021399,0.040212
1771002459.867075,26.191954,-0.459073,-0.345659,2.549732,-0.091802,0.021154,0.040639
1771002459.872052,26.196931,-0.483461,-0.272721,2.613454,-0.092306,0.020792,0.039661
1771002459.877038,26.201916,-0.445804,-0.309856,2.556522,-0.092529,0.021527,0.040755
1771002459.882012,26.206891,-0.496536,-0.381578,2.566887,-0.091378,0.020371,0.040236
1771002459.887004,26.211883,-0.483239,-0.575600,2.478255,-0.089086,0.020880,0.040206
1771002459.891976,26.216855,-0.467509,-0.438027,2.519553,-0.090616,0.020501,0.039842
1771002459.896963,26.221842,-0.462594,-0.477820,2.499908,-0.090676,0.021317,0.040780
1771002459.901938,26.226816,-0.448150,-0.415013,2.538354,-0.090592,0.021305,0.040038
1771002459.906920,26.231799,-0.491436,-0.482540,2.524714,-0.089963,0.021058,0.039959
1771002459.911919,26.236797,-0.439443,-0.467101,2.460228,-0.090602,0.022033,0.040655
1771002459.916883,26.241762,-0.434743,-0.342699,2.534362,-0.091880,0.021505,0.040567
1771002459.921871,26.246750,-0.480279,-0.434276,2.509126,-0.091210,0.021381,0.040206
1771002459.926859,26.251738,-0.499127,-0.523690,2.460629,-0.089881,0.021032,0.040216
1771002459.931838,26.256717,-0.422934,-0.406826,2.471798,-0.091049,0.022331,0.040538
1771002459.936826,26.261704,-0.519103,-0.487810,2.529765,-0.090269,0.020333,0.039761
1771002459.941809,26.266687,-0.529199,-0.513049,2.538463,-0.089737,0.019992,0.039324
1771002459.946796,26.271675,-0.479923,-0.369466,2.550211,-0.091287,0.021199,0.039860
1771002459.951765,26.276644,-0.496421,-0.454120,2.547229,-0.090104,0.020922,0.040192
1771002459.956741,26.281619,-0.503875,-0.363452,2.536156,-0.091599,0.020823,0.039664
1771002459.961722,26.286600,-0.472699,-0.378463,2.542781,-0.091015,0.020828,0.040023
1771002459.966700,26.291579,-0.476711,-0.384779,2.537582,-0.091088,0.021095,0.040172
1771002459.971696,26.296575,-0.513620,-0.537510,2.483185,-0.089475,0.020552,0.040375
1771002459.976686,26.301564,-0.512961,-0.420429,2.538048,-0.090905,0.021221,0.039718
1771002459.981663,26.306542,-0.479130,-0.352828,2.583338,-0.091332,0.020959,0.039791
1771002459.986641,26.311520,-0.504334,-0.471170,2.559619,-0.090261,0.020366,0.039829
1771002459.991631,26.316509,-0.511745,-0.570523,2.513577,-0.088279,0.020251,0.040099
1771002459.996602,26.321481,-0.484320,-0.391147,2.544792,-0.091196,0.021121,0.040121
1771002460.001582,26.326460,-0.541338,0.175368,1.586284,-0.108231,0.021649,0.034802
1771002460.006554,26.331433,-0.080037,3.423508,2.406091,-0.143369,0.021512,0.023691
1771002460.011544,26.336423,1.121196,3.937225,1.999472,-0.147247,0.033524,0.011257
1771002460.016530,26.341408,1.151298,3.946528,1.934105,-0.147564,0.034556,0.011934
1771002460.021506,26.346385,0.901900,4.430420,0.929291,-0.175591,0.062918,0.022517
1771002460.026557,26.351436,1.671764,4.153811,0.204420,-0.156580,0.056625,0.031233
1771002460.031477,26.356355,-0.073188,3.790884,1.841366,-0.158262,0.033855,0.006327
1771002460.036728,26.361607,1.647472,4.071392,0.199156,-0.154793,0.056055,0.030767
1771002460.041446,26.366324,-1.080741,-0.916943,2.070843,-0.087834,0.017426,0.040137
1771002460.046415,26.371293,-0.503572,-0.386834,2.528951,-0.090410,0.020716,0.039578
1771002460.051409,26.376288,-0.503936,-0.523468,2.486372,-0.089054,0.020970,0.039907
1771002460.056388,26.381267,-0.512918,-0.600233,2.413820,-0.088399,0.021236,0.040227
1771002460.061373,26.386252,-0.542702,-0.600000,2.479233,-0.088427,0.020487,0.039756
1771002460.066357,26.391235,-0.494964,-0.390115,2.573790,-0.090149,0.020677,0.039634
1771002460.071327,26.396205,-0.523507,-0.488690,2.555241,-0.089783,0.020519,0.039637
1771002460.076356,26.401235,-0.482702,-0.460175,2.501709,-0.089817,0.021957,0.040148
1771002460.081299,26.406178,-0.524686,-0.506775,2.509163,-0.088994,0.020232,0.039760
1771002460.086282,26.411161,-0.514660,-0.584160,2.498576,-0.088052,0.020359,0.040575
1771002460.091253,26.416132,-0.521227,-0.517872,2.476469,-0.089538,0.021383,0.040151
1771002460.096230,26.421108,-0.426367,-0.443836,2.510539,-0.089939,0.021950,0.041236
1771002460.101209,26.426088,-0.510180,-0.565218,2.496940,-0.088598,0.020283,0.040500
1771002460.106197,26.431076,-0.504001,-0.706429,2.432311,-0.087100,0.020846,0.040517
1771002460.111177,26.436056,-0.496202,-0.581352,2.511446,-0.088223,0.020307,0.040783
1771002460.116176,26.441055,-0.498044,-0.578381,2.516571,-0.088471,0.020439,0.040561
1771002460.121137,26.446016,-0.415757,-0.641691,2.425930,-0.088159,0.021504,0.042203
1771002460.126129,26.451007,-0.489546,-0.713504,2.479204,-0.087349,0.019922,0.041928
1771002460.131100,26.455979,-0.484798,0.044498,2.745806,-0.102023,0.012949,0.042820
1771002460.136081,26.460960,-0.490133,0.030893,2.765696,-0.101928,0.013045,0.042710
1771002460.141078,26.465957,-0.474303,0.044298,2.765411,-0.102534,0.012978,0.042668
1771002460.146046,26.470925,-0.457368,-0.071914,2.687779,-0.101301,0.012692,0.043254
1771002460.151040,26.475918,-0.455939,-0.101783,2.704766,-0.100891,0.012757,0.043250
1771002460.156020,26.480899,-0.426030,-0.697689,2.471990,-0.087998,0.019812,0.043112
1771002460.161004,26.485883,-0.443677,-0.766006,2.462094,-0.087411,0.020179,0.042985
1771002460.165986,26.490865,-0.496587,-0.143471,2.676395,-0.100317,0.012064,0.043084
1771002460.170966,26.495845,-0.397245,-0.601791,2.468582,-0.089425,0.020917,0.043372
1771002460.175945,26.500823,-0.427549,-0.659299,2.472879,-0.088828,0.020362,0.043047
1771002460.180924,26.505802,-0.440972,0.010882,2.698750,-0.101786,0.013203,0.043792
1771002460.185917,26.510796,-0.459050,-0.862667,2.388819,-0.086287,0.019813,0.043045
1771002460.190967,26.515846,-0.441430,0.032425,2.714015,-0.102312,0.013419,0.043006
1771002460.195875,26.520754,-0.506806,-0.089787,2.688532,-0.101084,0.012638,0.042990
1771002460.200850,26.525729,-0.460048,-0.791906,2.438355,-0.086877,0.019927,0.042548
1771002460.205831,26.530710,-0.467062,-0.756476,2.466282,-0.087603,0.019957,0.042288
1771002460.210814,26.535693,-0.452600,-0.745738,2.460203,-0.087237,0.019849,0.042361
1771002460.215804,26.540683,-0.464870,-0.023395,2.710999,-0.101713,0.013114,0.043029
1771002460.220779,26.545658,-0.498510,-0.776976,2.445434,-0.087395,0.019761,0.042379
1771002460.225758,26.550637,-0.445337,0.039116,2.721432,-0.102383,0.013671,0.043079
1771002460.230736,26.555615,-0.416625,-0.810318,2.404147,-0.086960,0.020017,0.043339
1771002460.235726,26.560605,-0.478858,-0.003984,2.726079,-0.102241,0.013004,0.043226
1771002460.240713,26.565592,-0.447834,-0.074973,2.680645,-0.101231,0.013025,0.043394
1771002460.245683,26.570561,-0.415829,0.048174,2.715472,-0.102748,0.013748,0.043685
1771002460.250669,26.575548,-0.426270,-0.010015,2.720616,-0.101678,0.013024,0.044052
1771002460.255648,26.580527,-0.478687,-0.078409,2.680010,-0.101621,0.012651,0.043491
1771002460.260636,26.585515,-0.454813,-0.003652,2.718620,-0.102124,0.012980,0.043950
1771002460.265609,26.590487,-0.439348,-0.087508,2.677142,-0.100744,0.012835,0.044082
1771002460.270581,26.595460,-0.511330,-0.273645,2.650163,-0.099831,0.011274,0.043731
1771002460.275581,26.600460,-0.482953,-0.101852,2.719933,-0.101466,0.012293,0.043807
1771002460.280554,26.605432,-0.411598,-0.080848,2.667902,-0.101597,0.013450,0.044702
1771002460.285949,26.610828,-0.436438,-0.148794,2.691685,-0.100720,0.012275,0.044092
1771002460.290974,26.615853,-0.427546,-0.106692,2.666343,-0.101500,0.012824,0.045015
1771002460.295846,26.620725,-1.702684,-0.250063,2.826148,-0.107031,0.007172,0.026811
1771002460.300891,26.625770,-1.708376,-0.307765,2.844892,-0.106133,0.006578,0.026421
1771002460.305816,26.630695,-1.801063,-0.325532,2.850053,-0.106094,0.006472,0.025594
1771002460.310807,26.635686,-1.778042,-0.370923,2.849773,-0.105473,0.005946,0.026348
1771002460.315921,26.640799,-1.741298,-0.373902,2.815372,-0.105619,0.006450,0.026912
1771002460.320906,26.645785,-0.735183,2.799279,3.445763,-0.150992,0.031825,0.036964
1771002460.325773,26.650652,-1.748539,-0.363982,2.853735,-0.105715,0.006335,0.026193
1771002460.330852,26.655731,-0.730960,2.800089,3.440131,-0.150934,0.031982,0.037036
1771002460.335551,26.660430,-1.765911,-0.554003,2.731887,-0.103713,0.006432,0.027026
1771002460.340810,26.665688,-1.754311,-0.535836,2.721955,-0.103750,0.006520,0.027265
1771002460.345682,26.670561,-1.389121,2.940382,4.097439,-0.141382,0.011216,0.023390
1771002460.350677,26.675556,-1.758124,-0.461733,2.784614,-0.104823,0.006635,0.026868
1771002460.355660,26.680539,-1.749292,-0.368838,2.828243,-0.105687,0.006079,0.026722
1771002460.360635,26.685514,-1.748527,-0.407148,2.760961,-0.105410,0.007111,0.026661
1771002460.365620,26.690498,-1.752041,-0.324050,2.821437,-0.106212,0.006972,0.026544
1771002460.370604,26.695482,-1.796688,-0.406814,2.832637,-0.105112,0.006383,0.025959
1771002460.375674,26.700553,-1.757162,-0.406214,2.804776,-0.105222,0.007085,0.026091
1771002460.380600,26.705479,-1.750622,-0.354005,2.842487,-0.105382,0.006485,0.026399
1771002460.385625,26.710503,-1.774881,-0.399997,2.798558,-0.105265,0.006772,0.026418
1771002460.390543,26.715422,-1.767043,-0.412326,2.760705,-0.105492,0.006964,0.026901
1771002460.395116,26.719995,-1.766508,-0.415165,2.793148,-0.104697,0.007032,0.026516
1771002460.400468,26.725347,-1.774252,-0.463219,2.764713,-0.104597,0.006667,0.026808
1771002460.405679,26.730557,-1.783383,-0.396561,2.816433,-0.105061,0.006410,0.026190
1771002460.410439,26.735318,-1.803476,-0.489676,2.769917,-0.104243,0.005951,0.026209
1771002460.415123,26.740002,-1.767551,-0.382364,2.783071,-0.105570,0.006702,0.026455
1771002460.420022,26.744901,-1.801384,-0.438615,2.801649,-0.104638,0.006288,0.026412
1771002460.425032,26.749910,-1.797976,-0.513164,2.772240,-0.104119,0.006418,0.026633
1771002460.430002,26.754881,-1.785262,-0.430240,2.794749,-0.104628,0.006243,0.027031
1771002460.434984,26.759863,-1.812120,-0.547333,2.755521,-0.103300,0.006061,0.026138
1771002460.439965,26.764844,-1.757657,-0.497910,2.742444,-0.104271,0.007221,0.027098
1771002460.444955,26.769834,-1.777908,-0.342974,2.862648,-0.105881,0.006799,0.026360
1771002460.449933,26.774812,-1.818026,-0.542827,2.735162,-0.104005,0.006534,0.026222
1771002460.454911,26.779790,-1.818570,-0.577884,2.716200,-0.103682,0.006586,0.026584
1771002460.459899,26.784777,-1.817521,-0.524752,2.831223,-0.103195,0.005671,0.026418
1771002460.464873,26.789752,-1.801239,-0.475038,2.797005,-0.104693,0.006393,0.026565
1771002460.469859,26.794738,-1.765742,-0.442292,2.767711,-0.104852,0.007166,0.027535
1771002460.474841,26.799720,-1.806439,-0.484524,2.824608,-0.104402,0.006172,0.026735
1771002460.479815,26.804694,-0.924960,-0.385299,2.657365,-0.106225,0.019577,0.022270
1771002460.484811,26.809689,-1.801102,-0.533941,2.748142,-0.104111,0.006406,0.027152
1771002460.489795,26.814673,-1.766368,-0.537723,2.765147,-0.103576,0.006212,0.027909
1771002460.494776,26.819655,-0.937263,-0.408362,2.621436,-0.106196,0.019854,0.022228
1771002460.499758,26.824636,-0.886087,-0.344197,2.675004,-0.106734,0.019519,0.022873
1771002460.504729,26.829607,-1.778317,-0.532801,2.762798,-0.103845,0.006372,0.027552
1771002460.509720,26.834599,-1.803991,-0.499954,2.776357,-0.104718,0.006786,0.027153
1771002460.514708,26.839587,-1.808173,-0.590146,2.773777,-0.102914,0.006185,0.026758
1771002460.519677,26.844556,-1.751463,-0.536527,2.761287,-0.103799,0.006462,0.027293
1771002460.524662,26.849540,-1.763327,-0.424738,2.802389,-0.104950,0.006694,0.026870
1771002460.529643,26.854521,-1.729647,-0.452067,2.796688,-0.104241,0.006654,0.026381
1771002460.534632,26.859511,-1.791422,-0.491308,2.765283,-0.104490,0.006390,0.026384
1771002460.539603,26.864481,-1.804682,-0.618771,2.731160,-0.103018,0.005935,0.027187
1771002460.544596,26.869475,-1.776285,-0.486977,2.761562,-0.104533,0.006812,0.027059
1771002460.549569,26.874448,-1.798411,-0.569804,2.759733,-0.103140,0.006352,0.026858
1771002460.554557,26.879436,-1.815646,-0.513566,2.767394,-0.104297,0.006121,0.026758
1771002460.559533,26.884412,-1.782594,-0.457995,2.823946,-0.104638,0.006032,0.026796
1771002460.564513,26.889392,-1.792014,-0.458816,2.814308,-0.104778,0.006498,0.026590
1771002460.569492,26.894371,-1.818807,-0.499314,2.729130,-0.104916,0.007153,0.026286
1771002460.574500,26.899378,-1.800368,-0.497536,2.768183,-0.104251,0.006707,0.026772
1771002460.579476,26.904355,-1.738219,-0.485576,2.767315,-0.104408,0.006580,0.027838
1771002460.584445,26.909324,-1.902534,2.875143,2.550321,-0.146355,0.026089,0.009764
1771002460.589424,26.914303,0.107934,2.999308,1.557105,-0.148965,0.042038,0.011463
1771002460.594403,26.919282,0.095239,3.075649,1.585573,-0.149525,0.041579,0.011332
1771002460.599383,26.924262,0.105178,3.050137,1.593268,-0.148898,0.041357,0.011303
1771002460.604362,26.929241,-1.133444,3.677481,3.354548,-0.151103,0.016937,0.017498
1771002460.609344,26.934223,-1.770960,-0.411160,2.843581,-0.105319,0.006349,0.027513
1771002460.614335,26.939214,-1.742674,-0.509521,2.734938,-0.104213,0.006925,0.027918
1771002460.619313,26.944191,-1.777952,-0.535502,2.808683,-0.103684,0.006009,0.027482
1771002460.624290,26.949169,-1.714232,-0.394678,2.806491,-0.105956,0.006907,0.027835
1771002460.629273,26.954152,-1.754170,-0.533177,2.763810,-0.104229,0.006546,0.027946
1771002460.634256,26.959135,-1.779486,-0.560817,2.770136,-0.103712,0.006121,0.027388
1771002460.639232,26.964111,-1.752151,-0.559132,2.768668,-0.103939,0.006524,0.027954
1771002460.644233,26.969112,-0.715048,2.769094,3.472750,-0.150355,0.031970,0.038444
1771002460.649217,26.974096,-1.733263,-0.531010,2.776145,-0.104213,0.006852,0.028467
1771002460.654197,26.979076,-0.701883,3.032642,3.399966,-0.141050,0.017194,0.021143
1771002460.659174,26.984052,0.111062,3.010274,1.641682,-0.149249,0.041286,0.012246
1771002460.664146,26.989024,0.106901,2.938713,1.615398,-0.147930,0.040975,0.012449
1771002460.669128,26.994007,0.149432,2.977959,1.562622,-0.148836,0.042296,0.012867
1771002460.674110,26.998989,0.121697,3.054709,1.658799,-0.149552,0.041503,0.012650
1771002460.679085,27.003964,0.093671,2.973390,1.613679,-0.149150,0.041436,0.012533
1771002460.684085,27.008964,0.087916,3.099379,1.664664,-0.149623,0.041027,0.011617
1771002460.689062,27.013941,0.076989,2.986341,1.627896,-0.148596,0.040229,0.011951
1771002460.694050,27.018929,0.037561,2.919985,1.642441,-0.147259,0.039117,0.011030
1771002460.699032,27.023911,-0.710742,2.754071,3.482619,-0.149774,0.031574,0.037975
1771002460.704486,27.029365,-1.747798,-0.469189,2.830906,-0.104362,0.006072,0.027265
1771002460.709127,27.034006,-1.715892,-0.428842,2.828971,-0.104984,0.006792,0.028041
1771002460.713987,27.038866,-1.738227,-0.510429,2.786828,-0.104401,0.006249,0.027847
1771002460.718948,27.043826,-1.738301,-0.487629,2.798557,-0.104796,0.006402,0.027911
1771002460.723934,27.048812,-0.691963,2.683340,3.417982,-0.149533,0.032594,0.039305
1771002460.728923,27.053801,-0.713509,2.732730,3.447246,-0.150797,0.032528,0.039211
1771002460.733903,27.058781,-1.674780,-0.481573,2.807140,-0.104718,0.006607,0.028980
1771002460.738878,27.063757,-0.658101,2.755714,3.461694,-0.150727,0.032446,0.039856
1771002460.743859,27.068738,-0.649120,2.552464,3.379375,-0.148416,0.032418,0.040147
1771002460.748843,27.073722,-0.699507,2.645660,3.479859,-0.148981,0.031165,0.039371
1771002460.753821,27.078699,0.266206,2.681575,3.122952,-0.151979,0.047556,0.037158
1771002460.758804,27.083683,-0.655833,2.582209,3.481041,-0.148648,0.031623,0.040873
1771002460.763784,27.088662,-0.657622,2.664263,3.496284,-0.150122,0.031777,0.040563
1771002460.768770,27.093649,-0.624720,2.617793,3.447473,-0.149780,0.032217,0.041269
1771002460.773753,27.098632,-0.640090,2.644979,3.490980,-0.149527,0.031909,0.040790
1771002460.778732,27.103611,-0.614198,2.565851,3.419570,-0.149227,0.032154,0.041911
1771002460.783713,27.108592,-0.667798,2.524470,3.494540,-0.148138,0.031234,0.040751
1771002460.788697,27.113576,0.315005,2.686274,3.161451,-0.152576,0.047491,0.038549
1771002460.793678,27.118556,-0.605078,2.523674,3.427338,-0.149281,0.032600,0.042679
1771002460.798672,27.123551,0.280911,2.477157,3.165223,-0.149793,0.046078,0.039415
1771002460.803644,27.128523,0.324889,2.596902,3.147409,-0.151496,0.047274,0.038971
1771002460.808621,27.133499,0.324736,2.586984,3.166239,-0.151100,0.047072,0.038988
1771002460.813605,27.138483,0.316930,2.565021,3.189214,-0.150720,0.046597,0.038835
1771002460.818597,27.143476,-0.606409,2.509154,3.435748,-0.149294,0.032372,0.042534
1771002460.823570,27.148449,0.353587,2.573933,3.126424,-0.151376,0.047579,0.039148
1771002460.828555,27.153434,-0.561899,2.508886,3.386332,-0.149163,0.033367,0.042566
1771002460.833532,27.158411,0.354573,2.562430,3.158557,-0.150963,0.047455,0.039094
1771002460.838537,27.163415,0.294678,2.536903,3.172435,-0.150484,0.046669,0.038316
1771002460.843498,27.168377,0.338347,2.514836,3.151497,-0.151001,0.047614,0.039225
1771002460.848476,27.173355,0.298779,2.599036,3.198317,-0.151691,0.046743,0.038782
1771002460.853461,27.178339,-0.570054,1.890674,3.865019,-0.135284,0.020502,0.025728
1771002460.858443,27.183321,-0.522363,2.507313,3.451739,-0.148772,0.032886,0.042800
1771002460.863423,27.188302,0.319344,2.494236,3.174449,-0.150189,0.046687,0.039650
1771002460.868415,27.193294,-1.398992,1.715620,3.971393,-0.133186,0.007711,0.030429
1771002460.873387,27.198266,-0.561945,2.521606,3.450764,-0.149279,0.032066,0.043250
1771002460.878379,27.203258,-0.561416,2.442109,3.416609,-0.149232,0.032827,0.043275
1771002460.883351,27.208230,0.335217,2.519201,3.152572,-0.151020,0.047097,0.040010
1771002460.888319,27.213198,0.343760,2.462297,3.114510,-0.150315,0.047191,0.039932
1771002460.893321,27.218199,0.308878,2.523034,3.234236,-0.150309,0.046083,0.039183
1771002460.898295,27.223174,0.331757,2.467096,3.144385,-0.150075,0.046972,0.040174
1771002460.903272,27.228151,0.385540,2.565431,3.135788,-0.151623,0.047692,0.040037
1771002460.908265,27.233144,0.387044,2.591446,3.154505,-0.152313,0.048075,0.040105
1771002460.913249,27.238128,-0.558885,2.381621,3.387707,-0.148138,0.032845,0.043665
1771002460.918224,27.243103,0.339674,2.448843,3.151836,-0.150085,0.047068,0.040015
1771002460.923194,27.248073,0.392816,2.505245,3.138602,-0.150856,0.047998,0.040732
1771002460.928198,27.253077,0.364718,2.529568,3.134757,-0.151337,0.047835,0.039915
1771002460.933661,27.258539,-0.535281,2.511454,3.446715,-0.149525,0.032934,0.043189
1771002460.938168,27.263047,-0.531545,2.493975,3.422464,-0.149218,0.033039,0.043941
1771002460.943141,27.268019,0.353761,2.529549,3.135219,-0.151552,0.047565,0.039922
1771002460.948118,27.272997,0.333309,2.521707,3.156875,-0.151136,0.046961,0.039837
1771002460.953100,27.277978,0.357742,2.599379,3.157921,-0.152428,0.047971,0.039540
1771002460.958122,27.283001,-0.397159,2.454876,3.186797,-0.150100,0.034333,0.041158
1771002460.963058,27.287937,0.660111,2.485439,1.841510,-0.157614,0.057952,0.037509
1771002460.968038,27.292916,0.368190,2.573569,3.149283,-0.151922,0.048042,0.039713
1771002460.973025,27.297904,-0.511206,2.481701,3.412265,-0.149244,0.033219,0.043835
1771002460.978004,27.302883,0.334380,2.499854,3.139263,-0.150681,0.047128,0.040077
1771002460.982987,27.307865,-0.568711,1.856295,3.866051,-0.134844,0.020429,0.026302
1771002460.987971,27.312850,-0.551003,2.369344,3.397676,-0.147804,0.032947,0.043809
1771002460.992953,27.317832,0.365332,2.444961,3.121960,-0.149780,0.047010,0.040100
1771002460.997943,27.322822,0.327478,2.437783,3.145504,-0.149711,0.046638,0.040234
1771002461.002915,27.327794,-0.569657,2.369236,3.389127,-0.147686,0.032624,0.043454
1771002461.007909,27.332788,0.371317,2.594074,3.139824,-0.152221,0.047974,0.039883
1771002461.012878,27.337757,0.357056,2.590407,3.152983,-0.151369,0.047957,0.039181
1771002461.017857,27.342736,0.338601,2.504545,3.098752,-0.150878,0.047837,0.039570
1771002461.022843,27.347721,0.279860,2.502444,3.146797,-0.150723,0.047139,0.039185
1771002461.027822,27.352701,0.366636,2.499415,3.123511,-0.150683,0.047975,0.039893
1771002461.032804,27.357683,-0.530548,2.423284,3.371799,-0.148319,0.033171,0.043686
1771002461.037786,27.362665,-0.508764,2.458809,3.381341,-0.148972,0.033454,0.043726
1771002461.042771,27.367650,-0.589148,2.482160,3.421319,-0.149210,0.032388,0.043044
1771002461.047754,27.372633,-0.585317,2.430108,3.433704,-0.147747,0.032340,0.042552
1771002461.052742,27.377621,-0.592585,2.367805,3.443130,-0.147306,0.031802,0.043169
1771002461.057712,27.382591,0.323664,2.446909,3.134263,-0.149943,0.046945,0.039886
1771002461.062709,27.387588,0.343530,2.570307,3.167127,-0.151548,0.048028,0.039386
1771002461.067679,27.392558,0.304227,2.458437,3.183684,-0.150150,0.046728,0.039857
1771002461.072659,27.397538,0.357404,2.622733,3.176466,-0.152194,0.047986,0.039562
1771002461.077635,27.402514,0.352986,2.542879,3.152913,-0.151559,0.047858,0.040271
1771002461.082629,27.407508,0.316371,2.432652,3.129925,-0.149875,0.047204,0.039569
1771002461.087618,27.412496,-0.573774,1.823794,3.837034,-0.134482,0.020186,0.026573
1771002461.092596,27.417475,0.328176,2.527441,3.140507,-0.151332,0.047942,0.039364
1771002461.097566,27.422444,0.332540,2.504316,3.131058,-0.150781,0.047663,0.039720
1771002461.102544,27.427423,0.350460,2.512896,3.158006,-0.150447,0.047423,0.039918
1771002461.107534,27.432413,-0.563829,1.768265,3.816212,-0.134126,0.019933,0.026532
1771002461.112514,27.437392,0.347206,2.507665,3.152185,-0.150810,0.047741,0.040212
1771002461.117494,27.442373,0.329945,2.510579,3.178538,-0.150883,0.046740,0.039773
1771002461.122513,27.447391,0.349661,2.491866,3.162008,-0.150402,0.047411,0.040531
1771002461.127457,27.452336,-0.517439,1.880117,3.869186,-0.135396,0.020792,0.027009
1771002461.132434,27.457312,0.381411,2.534738,3.149058,-0.151726,0.047863,0.040842
1771002461.137420,27.462299,0.354058,2.431294,3.124175,-0.150229,0.047336,0.041136
1771002461.142400,27.467279,0.318289,2.454493,3.163874,-0.150514,0.046588,0.040622
1771002461.147384,27.472263,0.390590,2.432461,3.144948,-0.149973,0.047266,0.041096
1771002461.152365,27.477244,0.362507,2.437295,3.200802,-0.149909,0.046919,0.041162
1771002461.157357,27.482236,-0.523976,1.674321,3.788544,-0.133113,0.020291,0.027788
1771002461.162341,27.487219,0.369912,2.433527,3.169301,-0.150317,0.046919,0.041155
1771002461.167314,27.492192,0.359676,2.390213,3.180958,-0.149030,0.046434,0.040879
1771002461.172296,27.497175,0.368462,2.398606,3.169681,-0.149728,0.046408,0.041213
1771002461.177276,27.502154,-0.490303,1.860192,3.898584,-0.135538,0.020849,0.028038
1771002461.182256,27.507135,-0.503616,1.752241,3.836838,-0.134129,0.020176,0.028132
1771002461.187240,27.512119,-0.544446,1.753428,3.861454,-0.133988,0.019734,0.027448
1771002461.192219,27.517098,-0.481910,1.831373,3.865047,-0.135422,0.020896,0.028109
1771002461.197204,27.522083,-0.515390,1.809735,3.871238,-0.134792,0.020319,0.028188
1771002461.202185,27.527064,-0.505816,1.733784,3.850837,-0.133651,0.019799,0.027964
1771002461.207170,27.532049,0.431654,2.405319,3.136247,-0.149719,0.047090,0.042003
1771002461.212152,27.537031,-0.482674,1.721186,3.823342,-0.133452,0.020601,0.027855
1771002461.217138,27.542017,-0.504208,1.813221,3.898239,-0.135054,0.020437,0.028144
1771002461.222131,27.547010,-0.503982,1.843102,3.880545,-0.135898,0.020539,0.028200
1771002461.227102,27.551981,-0.474465,1.741241,3.880139,-0.134281,0.020229,0.028533
1771002461.232080,27.556959,-0.491693,1.689609,3.867688,-0.133763,0.020174,0.028868
1771002461.237061,27.561940,-0.432673,1.742321,3.896775,-0.134355,0.020571,0.029175
1771002461.242044,27.566922,-0.332677,1.098654,3.456493,-0.124185,0.025864,0.027676
1771002461.247025,27.571903,-0.320466,0.913639,3.385460,-0.122135,0.025352,0.027988
1771002461.252009,27.576888,-0.320993,0.914056,3.424635,-0.122575,0.025527,0.028017
1771002461.256991,27.581870,-0.308451,0.883085,3.410268,-0.121705,0.025050,0.028538
1771002461.261979,27.586858,-0.302194,0.876990,3.433436,-0.121839,0.025276,0.028950
1771002461.266960,27.591838,-0.801885,0.488536,1.603364,-0.127247,0.022173,0.027518
1771002461.271948,27.596827,0.380955,2.469090,1.618849,-0.144522,0.039840,0.024203
1771002461.276937,27.601815,0.327265,2.291060,1.695855,-0.143098,0.038227,0.023131
1771002461.281901,27.606780,0.391387,2.276181,1.691226,-0.142588,0.038640,0.023378
1771002461.286898,27.611777,0.407871,2.323398,1.684328,-0.143478,0.039389,0.023992
1771002461.291867,27.616746,-0.917994,0.406447,1.535200,-0.138681,0.033081,0.030083
1771002461.296852,27.621731,-0.361716,0.586281,3.441253,-0.119579,0.022319,0.029719
1771002461.301831,27.626710,0.165357,0.733054,2.337547,-0.131017,0.035500,0.032754
1771002461.306801,27.631680,-0.252699,0.621966,3.405816,-0.120280,0.024087,0.032235
1771002461.311794,27.636672,-0.273236,0.575048,3.449826,-0.119769,0.023494,0.031612
1771002461.316777,27.641656,0.188611,0.536325,2.290369,-0.129424,0.034742,0.034455
1771002461.321761,27.646640,-0.235129,0.624117,3.465667,-0.120082,0.023719,0.032377
1771002461.326741,27.651620,-0.306775,0.380641,3.409315,-0.117997,0.022068,0.032077
1771002461.331736,27.656615,0.187682,0.509063,2.277308,-0.129586,0.035078,0.035167
1771002461.336718,27.661597,0.146205,0.479058,2.316405,-0.129279,0.034244,0.034255
1771002461.341692,27.666570,0.166978,0.424165,2.275239,-0.128480,0.034513,0.034229
1771002461.346686,27.671564,0.140187,0.469619,2.288839,-0.129015,0.034035,0.034744
1771002461.351650,27.676528,0.178712,0.316481,2.249049,-0.127090,0.034221,0.034903
1771002461.356617,27.681496,0.184705,0.459895,2.330660,-0.128556,0.033949,0.034250
1771002461.361615,27.686494,0.154282,0.313647,2.245926,-0.127164,0.033600,0.034559
1771002461.366579,27.691458,0.165309,0.292464,2.201907,-0.127097,0.033872,0.035026
1771002461.372002,27.696880,0.178556,0.357324,2.228671,-0.127784,0.033909,0.034744
1771002461.376994,27.701873,0.180400,0.435852,2.289993,-0.128721,0.034360,0.035025
1771002461.381539,27.706417,0.200259,0.452713,2.331018,-0.128523,0.033784,0.035622
1771002461.386527,27.711406,0.220117,0.481203,2.340709,-0.129372,0.033677,0.035310
1771002461.391508,27.716386,0.193778,0.443273,2.343590,-0.128910,0.034055,0.035881
1771002461.396502,27.721380,0.148070,0.263258,2.237766,-0.127307,0.033485,0.036564
1771002461.401468,27.726346,0.170035,0.292100,2.286045,-0.127378,0.033303,0.035956
1771002461.406520,27.731399,0.141678,0.184720,2.300374,-0.126497,0.032199,0.036157
1771002461.411439,27.736317,0.155886,0.161278,2.286809,-0.125993,0.032676,0.036783
1771002461.416415,27.741293,0.136374,0.173647,2.273397,-0.126467,0.032767,0.036319
1771002461.421393,27.746272,0.175644,0.174697,2.278882,-0.126684,0.032823,0.036206
1771002461.426385,27.751264,0.172681,0.177415,2.293974,-0.126706,0.032582,0.037176
1771002461.431356,27.756235,0.135730,0.053315,2.262616,-0.125099,0.032045,0.036469
1771002461.436352,27.761230,0.194742,0.283662,2.327810,-0.127491,0.033192,0.037167
1771002461.441323,27.766202,0.169299,0.061844,2.247836,-0.125204,0.032423,0.037579
1771002461.446304,27.771183,0.121025,0.062517,2.315164,-0.125103,0.031563,0.036505
1771002461.451283,27.776161,0.142922,0.090150,2.300958,-0.125496,0.031976,0.037068
1771002461.456268,27.781147,0.116570,-0.021298,2.281365,-0.124278,0.031271,0.036788
1771002461.461244,27.786122,0.175860,0.072537,2.258675,-0.125401,0.032309,0.038257
1771002461.466230,27.791109,-1.174168,-0.090645,2.350180,-0.131459,0.026622,0.017320
1771002461.471213,27.796091,0.154195,-0.028018,2.279186,-0.123750,0.031371,0.037272
1771002461.476190,27.801068,-1.188001,-0.218113,2.255959,-0.130778,0.026887,0.018039
1771002461.481172,27.806051,-1.202513,-0.251102,2.297148,-0.129643,0.025937,0.017822
1771002461.486155,27.811034,-1.228624,-0.116705,2.403546,-0.130910,0.025271,0.017243
1771002461.491150,27.816028,-1.157423,-0.230452,2.288004,-0.129810,0.026221,0.018186
1771002461.496167,27.821045,-1.208345,-0.073402,2.401361,-0.131490,0.026138,0.017802
1771002461.501117,27.825996,-1.200166,-0.131346,2.337512,-0.131286,0.026351,0.018351
1771002461.506087,27.830965,0.104165,-0.155118,2.255405,-0.123247,0.030945,0.037512
1771002461.511067,27.835946,-1.200285,-0.214562,2.347524,-0.130492,0.025371,0.018031
1771002461.516054,27.840933,-1.208070,-0.243450,2.355364,-0.130499,0.025423,0.018656
1771002461.521028,27.845906,-1.197831,-0.266778,2.296124,-0.129885,0.025760,0.018507
1771002461.526013,27.850892,-1.242615,-0.412495,2.303962,-0.128569,0.024548,0.018770
1771002461.530995,27.855874,-1.232889,-0.568831,2.288445,-0.126756,0.023818,0.019578
1771002461.535976,27.860855,-1.217459,-0.471369,2.300960,-0.128344,0.024216,0.018797
1771002461.540955,27.865834,-1.175891,-0.379377,2.332324,-0.129764,0.024905,0.020025
1771002461.545947,27.870826,-1.218376,-0.580374,2.286423,-0.127512,0.024223,0.020303
1771002461.550921,27.875800,-1.159959,-1.635281,2.210072,-0.109427,0.023809,0.020117
1771002461.555903,27.880781,-0.134768,2.850952,2.866230,-0.175330,0.051540,0.034066
1771002461.560889,27.885767,-1.178941,-1.629118,2.289319,-0.109327,0.022891,0.020945
1771002461.565866,27.890744,-0.085880,2.020285,2.838363,-0.158469,0.050194,0.034459
1771002461.570841,27.895720,-0.046742,1.941590,2.846241,-0.157411,0.049891,0.035372
1771002461.575829,27.900708,0.870444,4.355493,1.178826,-0.199708,0.063189,0.036502
1771002461.580815,27.905694,0.162232,4.077579,2.375883,-0.181458,0.043725,0.024364
1771002461.585794,27.910673,0.210175,4.133560,2.297713,-0.181329,0.044386,0.023734
1771002461.590773,27.915652,0.165499,4.185781,2.399042,-0.181242,0.043173,0.023222
1771002461.595753,27.920632,1.159393,2.522524,1.628623,-0.154708,0.048994,0.033478
1771002461.600738,27.925617,-0.005749,2.136760,2.891068,-0.159478,0.051401,0.034389
1771002461.605720,27.930599,-1.207880,-0.489647,2.356592,-0.127814,0.024326,0.020722
1771002461.610698,27.935577,-1.268251,-0.589812,2.319090,-0.126878,0.022993,0.020103
1771002461.615687,27.940566,-1.237074,-0.624117,2.320765,-0.126714,0.023852,0.020829
1771002461.620664,27.945543,-1.151052,-1.687022,2.218471,-0.108238,0.022918,0.020801
1771002461.625649,27.950528,-1.268051,-0.616753,2.321629,-0.126478,0.023394,0.020007
1771002461.630694,27.955573,-1.202287,-0.493723,2.351186,-0.127835,0.023877,0.020457
1771002461.635626,27.960505,-1.212668,-0.585601,2.308166,-0.127013,0.023737,0.020692
1771002461.640612,27.965491,-1.266385,-0.574229,2.364234,-0.126963,0.023429,0.019840
1771002461.645598,27.970476,-1.194155,-0.679500,2.280292,-0.125827,0.023880,0.020772
1771002461.650570,27.975448,-1.199359,-0.533752,2.330665,-0.126889,0.024243,0.020901
1771002461.655550,27.980429,-1.238415,-0.487908,2.357839,-0.127506,0.023540,0.019529
1771002461.660529,27.985408,-1.260951,-0.540816,2.341934,-0.126700,0.023811,0.019125
1771002461.665505,27.990384,-1.237875,-0.423738,2.355967,-0.128711,0.024183,0.019295
1771002461.670521,27.995400,-1.240526,-0.527389,2.302680,-0.127549,0.024064,0.019492
1771002461.675475,28.000354,-1.189854,-0.524886,2.285065,-0.127294,0.024720,0.020511
1771002461.680499,28.005377,-1.193645,-0.530946,2.301856,-0.127155,0.024234,0.020016
1771002461.685432,28.010310,-1.242287,-0.499477,2.348138,-0.127478,0.023954,0.019756
1771002461.690409,28.015288,-1.234089,-0.659819,2.293374,-0.125887,0.023596,0.020701
1771002461.695392,28.020271,-1.235347,-0.524184,2.317065,-0.127663,0.024275,0.020511
1771002461.700380,28.025259,-1.170012,-0.418649,2.336257,-0.128680,0.024931,0.020275
1771002461.705354,28.030233,-1.235358,-0.545093,2.318819,-0.127053,0.023613,0.020037
1771002461.710340,28.035218,-1.215873,-0.453270,2.368817,-0.127926,0.024029,0.019515
1771002461.715328,28.040206,-1.254610,-0.565491,2.324735,-0.126747,0.023498,0.019692
1771002461.720355,28.045233,-1.223970,-0.403413,2.376741,-0.128413,0.024284,0.020245
1771002461.725294,28.050173,-1.238001,-0.553662,2.296465,-0.127012,0.024179,0.020622
1771002461.730555,28.055433,-1.203257,-0.464015,2.330992,-0.127542,0.024061,0.019820
1771002461.735256,28.060135,-1.246862,-0.468494,2.342939,-0.127418,0.023634,0.019391
1771002461.740244,28.065122,-1.281346,-0.561933,2.284275,-0.126863,0.024308,0.018757
1771002461.745219,28.070097,-1.232548,-0.608924,2.257247,-0.126260,0.023958,0.019404
1771002461.750203,28.075081,-1.226544,-0.454312,2.351759,-0.127717,0.024214,0.019459
1771002461.755179,28.080058,-1.278584,-0.611717,2.296563,-0.126177,0.023524,0.019161
1771002461.760176,28.085055,-1.237967,-0.572623,2.303602,-0.126851,0.023957,0.019797
1771002461.765138,28.090017,-1.237516,-0.498560,2.380866,-0.127161,0.023628,0.020332
1771002461.770126,28.095005,-1.213638,-0.443544,2.330325,-0.128471,0.024670,0.020161
1771002461.775114,28.099993,-1.221351,-0.499176,2.331899,-0.127899,0.023960,0.020438
1771002461.780108,28.104987,-1.200777,-0.497646,2.357530,-0.127256,0.023674,0.020542
1771002461.785075,28.109954,-1.177914,-0.596983,2.311288,-0.126493,0.023849,0.021099
1771002461.790048,28.114927,-1.174275,-0.536373,2.280755,-0.127322,0.024075,0.020764
1771002461.795029,28.119908,-1.214060,-0.632667,2.334798,-0.126153,0.023104,0.020815
1771002461.800017,28.124895,-0.100409,2.838175,2.921375,-0.174254,0.051117,0.034671
1771002461.804997,28.129876,0.021292,2.201867,2.960060,-0.160861,0.051853,0.035399
1771002461.809974,28.134852,0.093749,2.200557,2.928880,-0.160728,0.052178,0.035660
1771002461.814957,28.139836,0.049516,2.140367,2.900135,-0.160468,0.051934,0.035930
1771002461.819947,28.144826,0.058701,2.086221,2.905086,-0.159374,0.050998,0.036165
1771002461.824921,28.149799,0.086709,1.974553,2.838176,-0.158512,0.051226,0.037270
1771002461.829898,28.154776,0.058060,1.934089,2.850953,-0.157725,0.050368,0.037028
1771002461.834886,28.159765,0.048058,1.990844,2.946564,-0.158715,0.050330,0.037279
1771002461.839879,28.164757,0.104548,1.919517,2.887536,-0.158164,0.049999,0.038324
1771002461.844848,28.169726,0.148054,1.944587,2.848696,-0.159073,0.051389,0.038496
1771002461.849848,28.174727,0.126597,1.894052,2.880104,-0.158208,0.049989,0.038908
1771002461.854813,28.179692,0.092608,2.384263,2.972743,-0.171379,0.045409,0.039059
1771002461.860285,28.185164,0.142567,2.320171,2.913207,-0.171621,0.045717,0.040096
1771002461.864790,28.189668,0.107678,2.438626,2.996812,-0.173285,0.045562,0.039400
1771002461.869766,28.194645,0.151441,2.418074,2.981947,-0.173284,0.046427,0.040640
1771002461.874736,28.199615,0.152708,2.276047,2.978351,-0.170497,0.045547,0.041309
1771002461.880143,28.205022,0.125296,2.423560,3.083652,-0.173223,0.045460,0.040300
1771002461.884719,28.209598,0.502783,3.536724,1.928530,-0.177234,0.053161,0.027311
1771002461.889694,28.214572,0.509521,3.133533,1.936795,-0.171506,0.053149,0.030339
1771002461.894659,28.219538,0.586932,3.222541,1.956045,-0.172500,0.054811,0.030710
1771002461.899652,28.224530,0.537239,3.184800,1.981901,-0.171872,0.053947,0.031177
1771002461.904677,28.229556,0.385498,2.835648,2.083764,-0.173101,0.061786,0.043643
1771002461.909609,28.234488,0.038802,2.089303,2.968820,-0.165800,0.042260,0.040922
1771002461.914624,28.239502,-0.011155,2.244899,3.012342,-0.168441,0.044068,0.040823
1771002461.919591,28.244470,-0.065629,2.187893,3.033766,-0.168331,0.043006,0.041532
1771002461.924611,28.249489,-0.219383,1.618656,2.784046,-0.153674,0.046743,0.036811
1771002461.929954,28.254833,-1.624656,-1.282223,2.116525,-0.117562,0.020814,0.019003
1771002461.934539,28.259417,-2.196057,-0.835810,3.326858,-0.110321,0.008943,0.012316
1771002461.939512,28.264391,-1.068731,0.741309,3.906880,-0.122624,0.010184,0.030315
1771002461.944484,28.269362,-1.379573,0.212977,2.739699,-0.118635,0.018205,0.027504
1771002461.949481,28.274360,-1.488257,0.273895,2.576268,-0.108553,0.029716,0.021223
1771002461.954452,28.279331,0.387686,1.958679,3.302786,-0.113309,0.028174,0.035783
1771002461.959435,28.284313,-0.787462,-0.739176,2.825482,-0.073742,0.002351,0.019207
1771002461.964430,28.289309,-0.979034,-0.507272,2.754110,-0.075827,0.002534,0.015003
1771002461.969408,28.294287,-1.150101,-0.109902,2.924547,-0.079473,0.002181,0.011284
1771002461.974378,28.299257,-0.273768,0.723651,1.974247,-0.085777,0.041427,0.019493
1771002461.979386,28.304265,0.618319,2.192557,2.066958,-0.102459,0.035685,0.032202
1771002461.984345,28.309224,-0.347863,-0.630598,1.544865,-0.060374,0.019165,0.017998
1771002461.989326,28.314204,-0.448283,0.251522,1.698436,-0.068334,0.024682,0.013013
1771002461.994309,28.319188,0.426032,1.246392,2.330709,-0.069110,0.020720,0.014956
1771002461.999282,28.324160,1.297507,1.436099,1.533891,-0.060531,0.025655,0.023951
1771002462.004270,28.329149,0.536909,-1.202035,1.536513,-0.027911,0.007148,0.014946
1771002462.009253,28.334132,0.526898,-1.007842,1.591125,-0.029336,0.007506,0.012389
1771002462.014243,28.339121,-0.080371,-1.087243,2.289941,-0.020831,-0.002460,0.008608
1771002462.019236,28.344115,-1.112274,1.192803,1.734781,-0.056310,-0.000480,-0.002319
1771002462.024199,28.349078,0.439538,0.602852,0.158961,-0.041999,0.011616,-0.000889
1771002462.029181,28.354060,0.102645,1.603033,0.289413,-0.055373,0.013494,-0.003153
1771002462.034170,28.359049,0.043192,1.625568,0.063507,-0.055645,0.013832,-0.006518
1771002462.039152,28.364031,1.242654,1.982957,0.146088,-0.044935,0.014930,-0.001702
1771002462.044133,28.369012,0.124905,1.541157,0.346856,-0.044018,0.006214,0.006261
1771002462.049145,28.374024,1.777566,2.995482,-1.181124,-0.052845,0.034286,0.010940
1771002462.054090,28.378969,1.509180,2.714950,-1.676023,-0.044936,0.024184,0.031362
1771002462.059100,28.383979,1.485914,3.126998,-1.782577,-0.046636,0.024641,0.030569
1771002462.064066,28.388945,0.896585,1.076748,-0.786253,-0.034802,0.008994,0.015165
1771002462.069035,28.393914,1.127957,3.556114,-1.760638,-0.057058,0.018536,0.029446
1771002462.074023,28.398901,1.468173,3.253937,-1.830957,-0.049067,0.024548,0.030224
1771002462.079006,28.403885,1.772967,2.177813,-1.631108,-0.037743,0.027834,0.028301
1771002462.083982,28.408860,1.773548,1.926666,-1.521239,-0.035632,0.025492,0.028310
1771002462.088963,28.413842,1.192979,0.849605,-0.465772,-0.031762,0.010779,0.015606
1771002462.093942,28.418821,1.366279,0.886251,-0.308314,-0.041678,0.017894,0.004999
1771002462.098927,28.423806,0.417062,0.637667,-0.050312,-0.042218,0.009997,0.015851
1771002462.103907,28.428785,0.447636,0.739397,-0.100596,-0.042615,0.009773,0.017491
1771002462.108892,28.433770,0.456010,0.723731,-0.038103,-0.042390,0.009514,0.017625
1771002462.113877,28.438756,0.439946,0.570031,-0.068101,-0.040950,0.008581,0.018277
1771002462.118854,28.443733,0.442774,0.451523,-0.086887,-0.039642,0.008002,0.019001
1771002462.123836,28.448715,0.460102,0.463020,-0.090487,-0.039571,0.008272,0.018921
1771002462.128828,28.453706,0.463608,0.544669,-0.040438,-0.040338,0.007775,0.019889
1771002462.133801,28.458680,-0.589696,0.651220,0.332742,-0.046853,0.005184,0.007685
1771002462.138783,28.463662,-0.550500,0.707176,0.302797,-0.047356,0.005821,0.007636
1771002462.143767,28.468646,-0.530551,0.753173,0.301462,-0.048243,0.006945,0.007883
1771002462.148744,28.473623,-0.638326,0.727244,0.318564,-0.048026,0.005781,0.006302
1771002462.153724,28.478603,-0.558289,0.822419,0.246848,-0.049099,0.008160,0.006265
1771002462.158709,28.483588,-0.583706,0.875885,0.280861,-0.049772,0.007961,0.005392
1771002462.163686,28.488564,-0.515793,0.961922,0.284527,-0.050457,0.009138,0.005972
1771002462.168670,28.493549,-0.468987,0.925512,0.250277,-0.049863,0.009924,0.007064
1771002462.173664,28.498543,-0.526350,0.932989,0.202380,-0.050054,0.008986,0.005286
1771002462.178641,28.503519,-0.665496,0.896744,0.160407,-0.049539,0.008192,0.003608
1771002462.183618,28.508496,-0.601061,1.108228,0.182795,-0.051287,0.010565,0.003331
1771002462.188601,28.513479,-0.557456,1.052775,0.187169,-0.050794,0.010741,0.004212
1771002462.193583,28.518462,-0.575191,1.171706,0.185710,-0.052042,0.012307,0.003780
1771002462.198588,28.523467,-0.602393,1.119407,0.155833,-0.051200,0.011084,0.003439
1771002462.203549,28.528428,-0.578607,1.139411,0.135311,-0.051110,0.011349,0.002954
1771002462.208592,28.533471,-0.589562,1.191677,0.160720,-0.051911,0.011354,0.003066
1771002462.213519,28.538398,-0.587692,1.078861,0.098845,-0.051172,0.011346,0.002754
1771002462.218555,28.543434,0.617645,1.305379,0.249033,-0.042044,0.010802,0.007054
1771002462.223487,28.548366,-0.504763,1.160638,0.095754,-0.052143,0.012439,0.003481
1771002462.228485,28.553364,0.618016,1.333867,0.258940,-0.042020,0.010853,0.006993
1771002462.233433,28.558311,-0.493668,1.289982,0.154036,-0.053173,0.012464,0.002640
1771002462.238438,28.563317,-0.490826,1.353319,0.128030,-0.053507,0.013191,0.002807
1771002462.243471,28.568350,1.593524,1.370246,-0.442954,-0.046568,0.022538,0.005212
1771002462.248426,28.573305,0.658120,1.371995,0.251197,-0.042443,0.011255,0.006882
1771002462.253362,28.578241,-0.469481,1.298218,0.169001,-0.053460,0.012905,0.003378
1771002462.258345,28.583224,-0.543148,1.183560,0.176429,-0.052955,0.011108,0.003299
1771002462.263339,28.588217,-0.443119,1.282538,0.192361,-0.054095,0.012587,0.004020
1771002462.268353,28.593231,-0.429658,1.333539,0.204050,-0.054431,0.012533,0.003699
1771002462.273310,28.598188,-0.460305,1.109406,0.172066,-0.052855,0.011868,0.004688
1771002462.278289,28.603168,-0.428957,1.194046,0.247954,-0.053808,0.011560,0.004866
1771002462.283261,28.608140,-0.277055,1.267188,0.299301,-0.054936,0.012534,0.006616
1771002462.288312,28.613191,0.829244,1.352485,0.176126,-0.054350,0.017598,-0.002807
1771002462.293225,28.618104,-0.205790,1.044202,0.313564,-0.054027,0.010046,0.008835
1771002462.298202,28.623081,0.865064,1.148724,0.125102,-0.054254,0.016063,-0.000061
1771002462.303192,28.628071,0.920241,1.124693,0.281645,-0.053702,0.015166,-0.000085
1771002462.308176,28.633054,0.973018,1.177328,0.304074,-0.054625,0.015212,0.000864
1771002462.313230,28.638109,1.292711,-0.190349,-0.536090,-0.030237,0.018775,0.000565
1771002462.318135,28.643013,1.309802,-0.272676,-0.525545,-0.029711,0.018140,0.001020
1771002462.323133,28.648012,1.804445,1.951451,-0.281096,-0.054135,0.035815,0.009853
1771002462.328085,28.652964,1.793041,2.545166,-0.080549,-0.069258,0.031116,0.011105
1771002462.333090,28.657969,1.774444,2.458156,-0.054197,-0.067665,0.029934,0.011181
1771002462.338050,28.662928,1.733713,2.529074,0.022623,-0.069491,0.030316,0.010607
1771002462.343048,28.667926,1.750287,2.505866,-0.024063,-0.068978,0.029968,0.011326
1771002462.348019,28.672897,1.749787,2.441200,-0.064372,-0.067715,0.030152,0.010823
1771002462.353003,28.677882,1.719208,2.034705,-0.163495,-0.056165,0.036432,0.009482
1771002462.357990,28.682868,1.733752,2.124223,-0.188649,-0.056761,0.037118,0.009673
1771002462.362964,28.687842,1.258527,-0.239829,-0.494855,-0.029705,0.018679,0.001022
1771002462.367951,28.692830,1.123585,0.606745,0.038596,-0.043308,0.016090,0.001526
1771002462.372939,28.697817,0.906032,1.134506,0.306509,-0.054313,0.014974,0.000739
1771002462.377925,28.702804,0.910443,1.160227,0.251820,-0.054298,0.015396,-0.000343
1771002462.382900,28.707778,0.829944,1.222570,0.213108,-0.055161,0.015680,-0.000974
1771002462.387865,28.712743,0.769285,1.325831,0.189223,-0.054884,0.016264,-0.002930
1771002462.392869,28.717748,0.667732,1.329698,0.064263,-0.055082,0.016226,-0.004316
1771002462.397846,28.722725,0.616409,1.412647,0.026854,-0.054868,0.016685,-0.005268
1771002462.402828,28.727707,1.211940,2.327272,-1.015279,-0.063052,0.041819,0.007095
1771002462.407794,28.732673,1.119647,2.088165,-1.564852,-0.049939,0.028361,0.028968
1771002462.412800,28.737678,1.076722,2.347888,-1.565845,-0.053280,0.029089,0.028699
1771002462.417776,28.742655,2.189625,2.762623,-1.954731,-0.054771,0.040849,0.018536
1771002462.422753,28.747631,3.022712,2.473343,-2.068524,-0.043138,0.039562,0.018597
1771002462.427733,28.752611,1.959857,2.489894,-1.804062,-0.041836,0.028658,0.029559
1771002462.432803,28.757681,1.718604,3.399501,-2.101841,-0.052544,0.025084,0.031094
1771002462.437684,28.762563,2.908637,3.514028,-2.448468,-0.053563,0.036955,0.021178
1771002462.442663,28.767542,2.290732,0.569068,-1.671452,-0.028977,0.025234,0.006116
1771002462.447664,28.772542,2.285062,0.514623,-1.696165,-0.028508,0.024939,0.005102
1771002462.452642,28.777520,2.286854,0.633388,-1.678337,-0.029709,0.025987,0.005729
1771002462.457622,28.782501,2.242741,0.641714,-1.687489,-0.029390,0.025343,0.004993
1771002462.462597,28.787476,2.251600,0.624937,-1.725785,-0.029565,0.025257,0.004258
1771002462.467586,28.792465,0.997419,1.207981,-0.919031,-0.037725,0.008856,0.015248
1771002462.473064,28.797943,1.046303,0.879599,-1.139206,-0.028827,0.014885,0.015157
1771002462.477560,28.802439,1.019310,0.941488,-1.120227,-0.029257,0.015279,0.015336
1771002462.483052,28.807930,1.023255,0.882499,-1.166953,-0.028805,0.015147,0.015097
1771002462.488064,28.812943,1.018303,1.026481,-1.202643,-0.029897,0.016539,0.015621
1771002462.492484,28.817363,0.980848,1.076664,-1.188787,-0.029975,0.017322,0.015289
1771002462.497480,28.822359,0.977200,1.068420,-1.250439,-0.030100,0.017322,0.015027
1771002462.502479,28.827358,1.022490,1.068515,-1.219329,-0.030147,0.016743,0.016085
1771002462.507456,28.832334,2.141547,0.953980,-1.609111,-0.028878,0.025170,0.005178
1771002462.512422,28.837300,1.017842,1.027740,-1.223102,-0.030049,0.017134,0.015714
1771002462.517404,28.842283,2.121639,0.950321,-1.604781,-0.028744,0.025109,0.004440
1771002462.522384,28.847263,2.128042,0.919981,-1.646993,-0.028561,0.024756,0.005855
1771002462.527361,28.852240,0.646806,0.955629,-0.472732,-0.020849,0.010333,0.013898
1771002462.532366,28.857245,0.584691,1.463995,-0.658284,-0.021234,0.009484,0.013354
1771002462.537328,28.862207,0.470672,1.664951,-0.847808,-0.019874,0.010104,0.011810
1771002462.542307,28.867186,0.362547,1.681219,-1.016799,-0.019083,0.010894,0.011989
1771002462.547293,28.872172,0.383385,1.614023,-1.015314,-0.019320,0.011479,0.010805
1771002462.552267,28.877146,0.360271,1.668546,-0.875027,-0.020265,0.011348,0.009308
1771002462.557253,28.882132,0.418715,1.946304,-1.063813,-0.021216,0.012914,0.009230
1771002462.562239,28.887118,0.359760,2.062723,-1.156534,-0.021475,0.012429,0.009509
1771002462.567216,28.892094,-0.747227,2.089539,-1.079806,-0.020497,0.003451,0.009736
1771002462.572203,28.897082,0.308561,2.405789,-1.311765,-0.022388,0.012707,0.008662
1771002462.577184,28.902062,0.287191,2.089745,-1.263769,-0.021006,0.013266,0.008066
1771002462.582191,28.907069,-0.526559,2.164932,-1.295780,-0.021798,0.002762,0.010585
1771002462.587144,28.912023,0.426541,2.531620,-1.574357,-0.021942,0.012910,0.010718
1771002462.592133,28.917011,0.211296,2.075458,-1.353486,-0.020155,0.014296,0.007004
1771002462.597106,28.921985,0.134926,2.454360,-1.495445,-0.021701,0.013666,0.006434
1771002462.602086,28.926964,0.275795,2.463078,-1.596698,-0.021343,0.014455,0.008302
1771002462.607076,28.931954,0.184876,2.547526,-1.625036,-0.021632,0.014005,0.007070
1771002462.612056,28.936935,0.100635,2.576096,-1.593661,-0.021597,0.014598,0.005988
1771002462.617037,28.941916,0.178610,2.591164,-1.665999,-0.021440,0.014763,0.007180
1771002462.622019,28.946897,0.125104,2.500223,-1.567757,-0.021472,0.014830,0.006177
1771002462.627001,28.951880,0.074802,2.645144,-1.687346,-0.021577,0.014701,0.006125
1771002462.631982,28.956860,0.080070,2.659994,-1.705779,-0.021486,0.014740,0.005942
1771002462.636966,28.961845,0.139096,2.753510,-1.791430,-0.022001,0.015110,0.006789
1771002462.641945,28.966823,0.084674,2.765448,-1.745460,-0.022252,0.014527,0.006315
1771002462.646950,28.971829,0.152956,2.740107,-1.816614,-0.021500,0.014972,0.006953
1771002462.651912,28.976791,-0.353276,-1.013135,-1.493659,-0.002190,0.002136,-0.004298
1771002462.656886,28.981765,-0.494783,-0.096209,-1.160869,-0.011968,0.001209,-0.004919
1771002462.661872,28.986750,0.035940,2.800002,-1.897689,-0.021039,0.015016,0.005760
1771002462.666856,28.991734,-0.402614,-1.055055,-1.485699,-0.001617,0.002169,-0.005019
1771002462.671835,28.996714,0.141990,2.783684,-1.822649,-0.022097,0.015043,0.006821
1771002462.676826,29.001705,0.145806,2.764714,-1.814192,-0.021661,0.014695,0.006954
1771002462.681801,29.006680,0.127907,2.770197,-1.821625,-0.021677,0.014748,0.007138
1771002462.686782,29.011661,-0.399900,-1.167639,-1.485466,-0.000721,0.000905,-0.004282
1771002462.691766,29.016644,-0.382189,-1.044424,-1.486588,-0.001698,0.001753,-0.003983
1771002462.696747,29.021626,-0.405097,-1.093862,-1.461509,-0.001146,0.001276,-0.004548
1771002462.701729,29.026608,-0.501324,-0.037191,-1.213163,-0.011957,0.001945,-0.004988
1771002462.706709,29.031588,-0.557013,-0.181752,-1.353636,-0.010733,0.001063,-0.005718
1771002462.711694,29.036573,-0.523481,0.107729,-1.206197,-0.013170,0.001530,-0.005955
1771002462.716671,29.041550,-1.466270,0.081465,-1.173422,-0.011946,-0.010761,-0.002894
1771002462.721660,29.046539,-0.554790,0.201572,-1.280542,-0.014065,0.001239,-0.006387
1771002462.726639,29.051518,-0.560344,-0.053038,-1.234398,-0.012222,0.001432,-0.006109
1771002462.731623,29.056502,-1.499572,-0.011943,-1.335194,-0.010990,-0.010025,-0.003417
1771002462.736602,29.061481,-1.520311,0.095682,-1.427403,-0.010948,-0.009375,-0.002727
1771002462.741589,29.066467,-1.498611,0.165769,-1.445414,-0.011483,-0.009794,-0.004194
1771002462.746624,29.071503,-1.540827,0.075098,-1.463718,-0.010843,-0.009860,-0.003362
1771002462.751650,29.076529,-0.324037,2.349294,-1.334466,-0.021073,-0.007192,0.001904
1771002462.756860,29.081738,-1.660564,2.404919,-1.308950,-0.020475,-0.014506,-0.011679
1771002462.761546,29.086425,-1.516495,0.478078,-1.683477,-0.012218,-0.008666,-0.004683
1771002462.766543,29.091422,-0.315513,2.451488,-1.476418,-0.021383,-0.006939,0.001303
1771002462.771492,29.096370,-1.643392,2.506844,-1.279428,-0.020914,-0.014575,-0.012051
1771002462.776449,29.101328,-1.680385,2.738516,-1.455340,-0.021883,-0.013576,-0.012010
1771002462.781435,29.106314,0.874484,2.451048,-2.004206,-0.021755,0.002554,-0.009578
1771002462.786437,29.111316,0.925385,2.512007,-2.129820,-0.022480,0.002706,-0.009015
1771002462.791409,29.116287,0.934604,2.427725,-2.007246,-0.022196,0.002500,-0.009539
1771002462.796388,29.121267,0.881627,2.493518,-2.041681,-0.022308,0.002771,-0.009634
1771002462.801707,29.126586,1.219016,3.540554,-3.397288,-0.019399,0.014941,0.005136
1771002462.806349,29.131228,1.251112,3.654636,-3.612804,-0.018413,0.014665,0.005120
1771002462.811333,29.136212,0.908455,2.416582,-2.007057,-0.021485,0.002095,-0.010165
1771002462.816356,29.141235,0.948340,2.345513,-1.976809,-0.021639,0.001831,-0.009565
1771002462.821290,29.146169,1.283487,3.649202,-3.687657,-0.017967,0.014423,0.005046
1771002462.826284,29.151162,1.206284,3.840997,-3.724910,-0.020196,0.014318,0.005259
1771002462.831252,29.156130,1.290230,3.682834,-3.634646,-0.018821,0.014891,0.005478
1771002462.836239,29.161117,1.275183,3.782694,-3.693449,-0.018823,0.015544,0.005410
1771002462.841239,29.166118,1.269298,3.837878,-3.783015,-0.019107,0.014820,0.005131
1771002462.846216,29.171095,1.296582,3.768299,-3.793428,-0.018469,0.014426,0.005765
1771002462.851194,29.176073,1.298513,3.914972,-3.944345,-0.019554,0.014441,0.005433
1771002462.856179,29.181057,1.347508,3.752370,-3.723962,-0.019113,0.015278,0.005471
1771002462.861164,29.186043,1.345183,3.764035,-3.862548,-0.018003,0.014274,0.005849
1771002462.866144,29.191023,1.267173,4.110070,-4.247856,-0.018982,0.012968,0.006795
1771002462.871113,29.195991,1.147705,4.343276,-4.162703,-0.028200,0.008339,0.006890
1771002462.876106,29.200984,1.797771,3.352926,-5.411225,-0.013693,0.029566,0.006349
1771002462.881087,29.205966,1.695496,4.111051,-5.216574,-0.022121,0.018753,0.010145
1771002462.886066,29.210944,1.469190,4.305452,-4.382241,-0.036489,0.013921,0.009623
1771002462.891026,29.215905,1.527127,4.266803,-4.371308,-0.035733,0.014306,0.009836
1771002462.896020,29.220899,1.691060,4.219846,-5.035349,-0.022399,0.019387,0.008470
1771002462.901006,29.225885,1.704561,4.500720,-5.599989,-0.022594,0.019368,0.009571
1771002462.905996,29.230874,1.811055,4.086032,-5.491250,-0.021258,0.019024,0.009234
1771002462.910979,29.235858,1.688713,4.222362,-5.225702,-0.022150,0.019113,0.008797
1771002462.915949,29.240827,1.763309,4.144457,-5.089962,-0.021501,0.018688,0.009583
1771002462.920929,29.245808,1.759975,4.204878,-5.281003,-0.021848,0.018875,0.009143
1771002462.925914,29.250792,1.755197,4.115944,-5.210811,-0.021968,0.019194,0.009590
1771002462.930891,29.255770,1.737958,4.134798,-5.220129,-0.021886,0.019200,0.008905
1771002462.935877,29.260756,1.745661,4.138865,-5.221025,-0.021780,0.018980,0.009425
1771002462.940857,29.265736,1.731499,4.117202,-5.199152,-0.022008,0.019161,0.009642
1771002462.945850,29.270729,1.733085,4.213408,-5.176445,-0.021930,0.019332,0.008950
1771002462.950824,29.275702,1.737408,4.137636,-5.154936,-0.021808,0.018744,0.009246
1771002462.955803,29.280682,1.749922,4.243015,-5.190126,-0.022254,0.019324,0.008700
1771002462.960786,29.285665,1.714032,4.134009,-5.143923,-0.021846,0.018780,0.009031
1771002462.965768,29.290647,1.764674,3.979708,-4.953077,-0.021001,0.018861,0.008970
1771002462.970746,29.295625,1.694522,4.137434,-5.149898,-0.021633,0.019087,0.008783
1771002462.975734,29.300613,1.783566,4.177363,-5.145934,-0.021957,0.019093,0.009766
1771002462.980715,29.305593,1.715445,4.207336,-5.217179,-0.022217,0.019143,0.009161
1771002462.985687,29.310565,1.790617,4.176255,-5.278138,-0.021838,0.019606,0.009644
1771002462.990677,29.315556,1.733243,4.186024,-5.155138,-0.022079,0.019170,0.009562
1771002462.995653,29.320531,1.691820,4.088974,-5.129531,-0.021285,0.019218,0.009122
1771002463.000635,29.325514,1.713439,4.215550,-5.139944,-0.022349,0.019091,0.009319
1771002463.005616,29.330494,1.723060,4.138399,-5.125979,-0.021918,0.019147,0.008673
1771002463.010618,29.335497,1.712776,4.115331,-5.170564,-0.021661,0.019456,0.009192
1771002463.015580,29.340459,1.698776,4.101504,-5.097987,-0.021575,0.019504,0.009070
1771002463.020568,29.345447,1.711475,4.034626,-5.050981,-0.021395,0.019187,0.008956
1771002463.025546,29.350425,1.676984,4.109105,-5.059804,-0.021738,0.019043,0.008225
1771002463.030525,29.355404,1.744408,4.047132,-5.079041,-0.021406,0.019397,0.009031
1771002463.035504,29.360383,1.681809,4.239991,-5.150808,-0.022593,0.019420,0.009150
1771002463.040492,29.365371,1.719948,4.091746,-5.131506,-0.021279,0.019901,0.008189
1771002463.045474,29.370353,1.732678,4.161929,-5.101394,-0.022749,0.019479,0.009412
1771002463.050454,29.375333,1.677695,4.110981,-5.101986,-0.021821,0.019355,0.008612
1771002463.055436,29.380315,1.700640,4.056832,-5.059999,-0.021440,0.019308,0.008358
1771002463.060406,29.385284,1.731332,4.185577,-5.182771,-0.022019,0.019954,0.009208
1771002463.065400,29.390278,1.719728,4.229262,-5.091875,-0.022297,0.019427,0.008840
1771002463.070381,29.395259,1.683179,4.206112,-5.063348,-0.022404,0.019442,0.008678
1771002463.075363,29.400242,1.721375,4.163338,-5.102970,-0.021975,0.019902,0.008809
1771002463.080371,29.405249,1.715984,4.097911,-5.074554,-0.021415,0.019511,0.008655
1771002463.085327,29.410206,1.715964,4.193847,-5.131911,-0.021964,0.020018,0.009122
1771002463.090309,29.415188,1.717936,4.043890,-5.066698,-0.021207,0.019989,0.008489
1771002463.095282,29.420161,1.663998,4.035272,-5.002176,-0.021991,0.019064,0.008170
1771002463.100321,29.425199,1.683687,4.169224,-5.086507,-0.022347,0.019797,0.009005
1771002463.105252,29.430131,1.730883,4.191216,-5.104367,-0.022081,0.020000,0.008571
1771002463.110250,29.435129,1.704207,4.148384,-5.028164,-0.022183,0.019254,0.008803
1771002463.115213,29.440092,1.698128,3.991168,-4.996621,-0.021223,0.019370,0.008407
1771002463.120198,29.445076,1.672525,4.086246,-4.990657,-0.021892,0.019301,0.008438
1771002463.125180,29.450059,1.710857,3.987064,-5.070528,-0.020922,0.019850,0.008236
1771002463.130161,29.455040,1.671695,4.082896,-4.943820,-0.021920,0.019242,0.008640
1771002463.135139,29.460018,1.698717,4.082898,-4.996960,-0.021504,0.019446,0.008802
1771002463.140124,29.465003,1.722257,4.076222,-5.100834,-0.021573,0.019876,0.008671
1771002463.145107,29.469985,1.699674,4.118351,-5.098830,-0.021912,0.019228,0.008783
1771002463.150083,29.474961,1.692590,4.091949,-5.031679,-0.021539,0.019713,0.008627
1771002463.155067,29.479946,1.701475,4.157304,-5.121456,-0.021263,0.019780,0.008484
1771002463.160043,29.484922,1.717362,4.109786,-5.101748,-0.021673,0.019535,0.009182
1771002463.165028,29.489906,1.710981,4.210742,-5.031352,-0.022145,0.019332,0.008674
1771002463.170013,29.494892,1.722615,4.190050,-5.041029,-0.021928,0.019301,0.008781
1771002463.175004,29.499883,1.448828,4.287515,-4.493594,-0.035073,0.013293,0.009518
1771002463.180001,29.504879,1.511100,4.200819,-4.532133,-0.033116,0.013019,0.010243
1771002463.184962,29.509841,1.576977,4.219591,-4.566465,-0.032739,0.013123,0.009258
1771002463.189942,29.514821,1.493798,4.281902,-4.555380,-0.033302,0.013183,0.009219
1771002463.194922,29.519801,1.646081,4.051230,-4.979979,-0.021001,0.018027,0.009121
1771002463.199908,29.524787,1.752946,4.178514,-5.030286,-0.021599,0.018494,0.009819
1771002463.204886,29.529765,1.732128,4.068566,-5.089098,-0.021282,0.019005,0.008838
1771002463.209870,29.534749,1.725293,4.023800,-5.066691,-0.021127,0.019402,0.009315
1771002463.214855,29.539734,1.660621,4.213052,-5.160665,-0.021892,0.020658,0.007766
1771002463.219827,29.544705,1.809824,3.777192,-5.818056,-0.014127,0.030660,0.007286
1771002463.224808,29.549687,1.717918,4.180856,-5.063600,-0.022373,0.019895,0.008430
1771002463.229789,29.554668,1.778588,4.266610,-5.173356,-0.022115,0.019782,0.008797
1771002463.234775,29.559653,1.689883,4.127054,-5.021563,-0.022300,0.019046,0.009054
1771002463.239759,29.564638,1.754966,4.089576,-5.096148,-0.021955,0.019052,0.008710
1771002463.244739,29.569618,1.735940,4.211685,-5.129067,-0.022460,0.019353,0.008115
1771002463.249719,29.574598,1.716995,4.227161,-5.244354,-0.022319,0.019651,0.008998
1771002463.254702,29.579581,1.714566,4.252339,-5.354304,-0.021894,0.020191,0.008946
1771002463.259677,29.584555,1.733842,4.234138,-5.308920,-0.021566,0.020325,0.008493
1771002463.264661,29.589539,1.714928,4.289613,-5.276920,-0.022203,0.018952,0.008575
1771002463.269640,29.594519,1.641026,4.159491,-5.242212,-0.021817,0.019197,0.008229
1771002463.274622,29.599500,1.719113,4.251871,-5.260518,-0.022794,0.019168,0.009295
1771002463.279619,29.604497,1.777130,4.233806,-5.220969,-0.022484,0.019155,0.008428
1771002463.284588,29.609466,1.779225,4.303507,-5.352227,-0.022182,0.020021,0.008830
1771002463.289570,29.614449,1.765857,4.259694,-5.258898,-0.022722,0.019927,0.008869
1771002463.294581,29.619460,1.795485,4.248284,-5.256078,-0.022607,0.019542,0.008852
1771002463.299529,29.624407,1.768299,4.278912,-5.161530,-0.022820,0.019612,0.008497
1771002463.304513,29.629392,1.739124,4.269185,-5.127760,-0.022831,0.019500,0.008664
1771002463.309502,29.634380,1.901720,3.724619,-5.827795,-0.013728,0.030453,0.008157
1771002463.314528,29.639407,1.773298,4.244750,-5.131727,-0.022570,0.019869,0.008321
1771002463.319466,29.644345,1.761664,4.252460,-5.076152,-0.022665,0.020210,0.007975
1771002463.324429,29.649307,1.443290,3.952466,-5.040589,-0.004756,0.021072,0.005152
1771002463.329439,29.654317,1.858520,3.828441,-5.685222,-0.014538,0.030678,0.007640
1771002463.334419,29.659298,1.780375,3.638386,-5.687437,-0.012397,0.030646,0.006320
1771002463.339391,29.664270,1.714406,4.081258,-4.987657,-0.021843,0.020184,0.007876
1771002463.344370,29.669248,1.807440,3.572026,-5.810241,-0.012286,0.031018,0.007243
1771002463.349357,29.674236,1.712535,4.225391,-5.035751,-0.022497,0.019990,0.008439
1771002463.354318,29.679197,1.658501,4.240942,-4.949652,-0.022433,0.019629,0.008250
1771002463.359380,29.684259,1.829953,3.680641,-5.711384,-0.013298,0.031373,0.007205
1771002463.364365,29.689244,1.806282,3.595374,-5.647089,-0.012713,0.031625,0.007554
1771002463.369280,29.694159,1.783881,3.635379,-5.576701,-0.012995,0.031007,0.007531
1771002463.374271,29.699150,1.334320,4.114285,-4.299273,-0.018285,0.014373,0.004164
1771002463.379263,29.704142,1.341883,4.056461,-4.058253,-0.019885,0.015309,0.004900
1771002463.384300,29.709179,1.348486,4.042140,-4.156281,-0.019267,0.014774,0.004358
1771002463.389215,29.714094,1.336985,3.984234,-4.050916,-0.019083,0.015072,0.005570
1771002463.394194,29.719073,1.273088,3.930636,-3.910524,-0.019855,0.015373,0.004210
1771002463.399170,29.724048,1.170591,4.001080,-3.907881,-0.020357,0.014807,0.004107
1771002463.404155,29.729033,1.328124,4.064361,-4.048506,-0.019981,0.015452,0.004336
1771002463.409141,29.734019,1.301414,3.966121,-4.056897,-0.019067,0.014612,0.005134
1771002463.414124,29.739003,1.318878,3.904326,-3.899487,-0.019391,0.015150,0.005220
1771002463.419101,29.743980,-0.028324,3.904450,-3.264620,-0.021173,0.005138,0.015915
1771002463.424095,29.748973,1.230190,3.665025,-3.501950,-0.019154,0.015773,0.004641
1771002463.429069,29.753947,-0.298700,2.833260,-1.938860,-0.023194,-0.005360,0.001408
1771002463.434044,29.758923,-1.483417,3.963258,-3.158021,-0.021961,0.002499,0.001164
1771002463.439024,29.763902,0.863866,2.376387,-2.007505,-0.021015,0.000685,-0.010862
1771002463.444001,29.768880,0.891635,2.419118,-1.936385,-0.022516,0.002755,-0.009743
1771002463.448997,29.773875,-0.334403,2.668061,-1.648674,-0.023079,-0.005408,0.001237
1771002463.454026,29.778905,-1.623832,2.475667,-1.284307,-0.020520,-0.013734,-0.012060
1771002463.458938,29.783817,-0.333774,2.459678,-1.422188,-0.021549,-0.006412,0.000806
1771002463.463940,29.788819,-1.513216,0.371989,-1.586571,-0.011674,-0.008208,-0.005176
1771002463.468920,29.793798,-1.567860,0.416747,-1.632073,-0.011925,-0.008569,-0.005655
1771002463.473897,29.798775,-1.706838,2.488414,-1.180088,-0.020622,-0.014332,-0.012665
1771002463.478886,29.803765,-1.574540,0.400648,-1.439014,-0.012007,-0.009222,-0.005965
1771002463.483855,29.808733,-1.565362,0.380312,-1.495901,-0.011934,-0.009060,-0.006345
1771002463.488849,29.813728,-1.556661,0.515876,-1.447697,-0.012690,-0.008812,-0.006197
1771002463.493804,29.818682,-1.636109,2.517711,-1.219457,-0.020843,-0.013260,-0.012794
1771002463.498815,29.823693,-1.578733,2.597024,-1.293807,-0.021105,-0.012864,-0.013014
1771002463.503794,29.828673,-0.342141,2.660386,-1.457905,-0.024938,-0.004626,0.000152
1771002463.508767,29.833645,-1.520250,0.606985,-1.530323,-0.013865,-0.008024,-0.007055
1771002463.513746,29.838625,-1.554911,0.655633,-1.462732,-0.013981,-0.007681,-0.006660
1771002463.518740,29.843619,-1.165525,-0.392254,-1.484851,-0.007824,-0.002657,-0.006467
1771002463.523701,29.848580,-1.574988,2.511472,-0.934029,-0.021994,-0.013427,-0.014285
1771002463.528703,29.853582,-1.535407,2.836905,-1.021032,-0.023505,-0.012302,-0.013339
1771002463.533681,29.858560,-1.336056,1.964464,-1.014611,-0.017949,-0.005710,-0.015569
1771002463.538656,29.863535,-1.322467,1.908033,-0.982666,-0.017838,-0.004584,-0.015435
1771002463.543647,29.868525,-1.063073,-0.026590,-1.360493,-0.011512,-0.001368,-0.006897
1771002463.548621,29.873500,-1.299183,2.037003,-0.912670,-0.018545,-0.005706,-0.015872
1771002463.553612,29.878490,0.001432,1.927990,-0.594565,-0.013591,-0.004627,-0.011489
1771002463.558577,29.883456,0.334678,-0.135257,-0.967489,-0.001605,-0.003744,-0.000611
1771002463.563573,29.888452,0.283665,-0.259302,-0.928376,-0.000145,-0.004326,-0.001122
1771002463.568561,29.893440,0.296443,-0.203529,-0.793563,-0.000929,-0.004200,-0.001492
1771002463.573528,29.898407,0.321782,-0.126099,-0.657613,-0.001431,-0.003607,-0.001014
1771002463.578554,29.903433,0.239866,-0.190487,-0.679794,-0.000949,-0.003906,-0.001273
1771002463.583574,29.908453,0.362965,-0.222769,-0.850892,-0.001559,-0.003235,-0.001734
1771002463.588495,29.913374,0.236798,-0.205215,-0.655279,-0.000626,-0.004308,-0.001411
1771002463.593465,29.918343,0.227208,-0.290727,-0.722939,0.000230,-0.004376,-0.000863
1771002463.598447,29.923326,0.252884,-0.212055,-0.698584,-0.000249,-0.003947,-0.000740
1771002463.603421,29.928299,0.229390,-0.275537,-0.757986,0.001086,-0.003774,-0.000448
1771002463.608427,29.933305,0.194185,-0.240392,-0.645924,-0.000295,-0.004978,-0.000407
1771002463.613395,29.938273,0.201293,-0.349859,-0.811107,0.001513,-0.004910,-0.000505
1771002463.618369,29.943248,0.166510,-0.373392,-0.720572,0.001535,-0.005018,-0.000513
1771002463.623343,29.948221,0.143387,-0.418654,-0.828303,0.002519,-0.005048,-0.000251
1771002463.628358,29.953237,0.126606,-0.427594,-0.783815,0.001851,-0.006051,-0.000145
1771002463.633306,29.958184,0.095443,-0.519866,-0.810346,0.003313,-0.006224,-0.000341
1771002463.638299,29.963177,0.142783,-0.419876,-0.793832,0.002495,-0.005421,0.000167
1771002463.643295,29.968174,0.928391,-0.291684,-0.943645,-0.000748,0.003537,-0.002371
1771002463.648330,29.973209,0.927784,-0.325307,-0.968560,-0.000772,0.002682,-0.002720
1771002463.653249,29.978128,-1.150545,-0.372992,-0.915051,-0.006506,-0.002894,-0.004753
1771002463.658292,29.983171,0.125128,-0.396522,-0.817203,0.002675,-0.005172,-0.000124
1771002463.663197,29.988076,0.116346,-0.470779,-0.864829,0.003227,-0.005525,-0.000012
1771002463.668182,29.993060,0.947937,-0.367132,-0.956983,-0.000156,0.002637,-0.002399
1771002463.673168,29.998047,0.089448,-0.470932,-0.823474,0.002566,-0.006337,-0.000408
1771002463.678142,30.003020,0.910813,-0.448800,-1.026571,0.001018,0.002909,-0.002571
1771002463.683141,30.008020,0.883544,-0.480629,-0.970741,0.000616,0.001933,-0.003015
1771002463.688643,30.013521,0.906425,-0.454429,-0.964253,0.000500,0.001862,-0.002849
1771002463.693185,30.018064,-1.308780,-0.727782,-1.109145,-0.005365,-0.005791,-0.004927
1771002463.698133,30.023012,0.925538,-0.402025,-0.985353,0.000082,0.002571,-0.002463
1771002463.703051,30.027930,-0.378277,-0.689570,-1.035287,-0.003975,0.004820,-0.007038
1771002463.708041,30.032919,0.898325,-0.389372,-0.928352,-0.000134,0.002291,-0.002602
1771002463.713033,30.037912,0.924104,-0.365378,-0.927557,-0.000632,0.002116,-0.002954
1771002463.718010,30.042889,0.900078,-0.377816,-0.923270,0.000089,0.002746,-0.002429
1771002463.723257,30.048135,0.929383,-0.382355,-0.914255,0.000146,0.002694,-0.002433
1771002463.727971,30.052850,0.930475,-0.468831,-0.993376,0.001131,0.002809,-0.002650
1771002463.732957,30.057836,0.924215,-0.379392,-0.907351,-0.000214,0.002135,-0.002994
1771002463.737930,30.062809,0.907775,-0.453655,-0.950015,0.000245,0.002073,-0.003009
1771002463.742915,30.067794,0.886632,-0.383378,-0.936568,-0.000086,0.002517,-0.002965
1771002463.747895,30.072774,-0.415710,-0.803645,-1.052702,-0.002695,0.003862,-0.007621
1771002463.752878,30.077757,0.899812,-0.447160,-0.996370,0.000986,0.002394,-0.002589
1771002463.757865,30.082744,0.910691,-0.384911,-0.912706,-0.000088,0.002063,-0.002860
1771002463.762837,30.087716,0.916174,-0.377125,-0.898252,0.000156,0.002640,-0.002664
1771002463.767828,30.092706,0.930869,-0.475382,-0.986283,0.000849,0.002334,-0.002463
1771002463.772822,30.097700,0.904220,-0.559348,-0.999917,0.001496,0.001512,-0.003154
1771002463.778018,30.102896,0.869171,-0.493225,-0.952732,0.000975,0.001747,-0.003121
1771002463.782864,30.107742,0.904202,-0.477824,-0.938158,0.000958,0.002131,-0.002824
1771002463.787755,30.112634,0.939850,-0.424741,-0.906516,0.000471,0.002406,-0.002492
1771002463.792730,30.117608,0.907778,-0.455430,-0.911061,0.000375,0.001559,-0.003062
1771002463.797711,30.122590,0.852091,-0.448928,-0.819780,0.000322,0.000958,-0.003008
1771002463.802701,30.127580,0.934191,-0.370004,-0.914335,0.000256,0.002678,-0.002191
1771002463.808146,30.133025,0.960997,-0.423497,-0.991625,0.000907,0.002864,-0.002563
1771002463.813055,30.137934,0.142794,-0.319590,-0.717353,0.001898,-0.004854,-0.000136
1771002463.818020,30.142899,-0.400649,-0.611436,-1.067100,-0.004641,0.005305,-0.007131
1771002463.822598,30.147476,0.898846,-0.489235,-1.025787,0.000875,0.001876,-0.003030
1771002463.827603,30.152482,-0.353335,-0.564877,-1.031920,-0.004886,0.005440,-0.006943
1771002463.832583,30.157461,0.171591,-0.426062,-0.824079,0.002876,-0.005165,0.000036
1771002463.837566,30.162445,-0.386661,-0.687596,-1.072598,-0.003932,0.004922,-0.007408
1771002463.842585,30.167464,0.855025,-0.535986,-1.017944,0.001661,0.002068,-0.003200
1771002463.847543,30.172421,0.920051,-0.383566,-0.938138,0.000066,0.002898,-0.002593
1771002463.852509,30.177388,0.900183,-0.428546,-0.965471,0.000582,0.002488,-0.002551
1771002463.857490,30.182369,0.905974,-0.449517,-0.966456,0.000655,0.002273,-0.002760
1771002463.862494,30.187372,0.913851,-0.508205,-1.034990,0.001451,0.002698,-0.002681
1771002463.867454,30.192333,0.864499,-0.436346,-0.908821,0.000825,0.002286,-0.002749
1771002463.872436,30.197315,0.892111,-0.482516,-0.976375,0.000946,0.002166,-0.002706
1771002463.877421,30.202300,0.912927,-0.337696,-0.888971,-0.000378,0.002889,-0.002392
1771002463.882403,30.207282,0.929014,-0.397337,-0.924128,0.000142,0.001991,-0.002649
1771002463.887387,30.212265,0.901768,-0.322624,-0.808515,-0.000277,0.002760,-0.002426
1771002463.892365,30.217244,0.854696,-0.569480,-0.988256,0.001499,0.001724,-0.002887
1771002463.897346,30.222224,0.913882,-0.409068,-0.851311,0.000251,0.001984,-0.002475
1771002463.902330,30.227208,0.880583,-0.484491,-0.941417,0.001446,0.002540,-0.002754
1771002463.907308,30.232187,0.893515,-0.516910,-0.927905,0.001635,0.002058,-0.002848
1771002463.912302,30.237181,0.887871,-0.450879,-0.919022,0.000602,0.002284,-0.002760
1771002463.917274,30.242153,0.856777,-0.587720,-0.939019,0.001478,0.001056,-0.003183
1771002463.922265,30.247144,0.855515,-0.509006,-0.932340,0.001346,0.001944,-0.002570
1771002463.927238,30.252117,0.864804,-0.609199,-0.894522,0.002122,0.001215,-0.003232
1771002463.932229,30.257108,0.888836,-0.470292,-0.956810,0.000854,0.002239,-0.002737
1771002463.937212,30.262091,0.875766,-0.470127,-0.873853,0.001035,0.002115,-0.002710
1771002463.942185,30.267064,0.869964,-0.428252,-0.844046,0.000458,0.002021,-0.002694
1771002463.947161,30.272040,0.888173,-0.372037,-0.859205,0.000003,0.002293,-0.002724
1771002463.952142,30.277020,0.856416,-0.573499,-0.952731,0.001557,0.001572,-0.002921
1771002463.957121,30.281999,0.936520,-0.370995,-0.907433,0.000077,0.002811,-0.002185
1771002463.962105,30.286983,0.951059,-0.423032,-0.897508,0.000507,0.002340,-0.002264
1771002463.967090,30.291968,0.913624,-0.422128,-0.903914,0.000805,0.002599,-0.002642
1771002463.972075,30.296954,0.894026,-0.582000,-0.964556,0.001990,0.001980,-0.002787
1771002463.977058,30.301937,0.888167,-0.428227,-0.882134,0.000870,0.002510,-0.002803
1771002463.982041,30.306920,0.856665,-0.544414,-0.927129,0.001443,0.002064,-0.002771
1771002463.987021,30.311900,0.840351,-0.598690,-0.928591,0.002037,0.001656,-0.003196
1771002463.992002,30.316881,0.875991,-0.532080,-0.920111,0.001598,0.001977,-0.002901
1771002463.996987,30.321866,0.924937,-0.485992,-0.920104,0.001416,0.002320,-0.002333
1771002464.001966,30.326845,0.867055,-0.554127,-0.950444,0.001854,0.002054,-0.003120
1771002464.006946,30.331825,0.041595,-0.708958,-0.817080,0.004589,-0.007355,-0.000563
1771002464.011935,30.336813,0.864385,-0.554332,-0.957462,0.001658,0.001805,-0.003064
1771002464.016907,30.341785,0.893823,-0.584674,-0.950474,0.002327,0.001769,-0.002788
1771002464.021892,30.346771,0.905822,-0.429694,-0.901036,0.000609,0.002707,-0.002904
1771002464.026946,30.351825,0.828340,-0.545840,-0.860714,0.001271,0.001337,-0.003024
1771002464.031847,30.356726,0.846277,-0.402247,-0.943357,0.000108,0.002066,-0.003238
1771002464.036875,30.361754,0.918545,-0.446755,-0.897774,0.001069,0.002416,-0.002648
1771002464.041826,30.366705,0.878727,-0.479832,-0.889605,0.001184,0.002034,-0.002914
1771002464.046811,30.371690,0.899998,-0.440130,-0.878096,0.000651,0.002048,-0.003010
1771002464.051786,30.376665,0.871367,-0.375511,-0.803258,0.000091,0.002155,-0.002957
1771002464.056774,30.381653,0.883086,-0.459455,-0.918564,0.001267,0.002585,-0.002820
1771002464.061742,30.386621,0.890833,-0.360664,-0.862067,0.000238,0.002815,-0.002789
1771002464.066734,30.391613,0.911304,-0.441763,-0.867559,0.000825,0.001920,-0.002702
1771002464.071718,30.396597,0.894775,-0.475657,-0.902690,0.000968,0.001833,-0.002847
1771002464.076694,30.401572,0.791188,-0.613585,-0.925076,0.002027,0.001103,-0.003489
1771002464.081671,30.406550,0.890020,-0.539150,-0.959530,0.001889,0.002467,-0.002681
1771002464.086659,30.411538,0.862948,-0.505276,-0.926086,0.001716,0.002325,-0.003071
1771002464.091649,30.416528,0.870500,-0.421749,-0.904633,0.000814,0.002319,-0.003203
1771002464.096621,30.421500,0.841823,-0.567970,-0.895824,0.001810,0.001212,-0.003525
1771002464.101601,30.426480,0.874071,-0.545731,-0.931621,0.001616,0.002090,-0.003007
1771002464.106594,30.431473,0.858692,-0.468939,-0.839718,0.000931,0.001563,-0.003026
1771002464.111561,30.436440,0.874976,-0.513221,-0.887780,0.001375,0.001510,-0.002965
1771002464.116561,30.441440,0.885568,-0.553286,-0.928079,0.001752,0.001987,-0.002954
1771002464.121534,30.446413,0.888759,-0.503565,-0.898534,0.001288,0.002242,-0.002929
1771002464.126522,30.451401,0.888670,-0.358220,-0.811146,-0.000049,0.002191,-0.003082
1771002464.131508,30.456386,0.906221,-0.501692,-0.878308,0.001384,0.002449,-0.002570
1771002464.136487,30.461366,-1.594257,-0.459155,0.493451,0.002871,0.001256,-0.006095
1771002464.141459,30.466338,-1.859273,-1.948437,0.831265,0.017534,-0.010759,-0.003126
1771002464.146430,30.471309,-1.849016,-1.964974,0.839154,0.017923,-0.010405,-0.002398
1771002464.151433,30.476311,-1.575425,-1.892645,0.394462,0.012226,-0.004813,-0.002775
1771002464.156412,30.481290,-1.802265,-1.886272,0.869507,0.016975,-0.010028,-0.001882
1771002464.161391,30.486270,-1.827598,-1.825749,0.871821,0.016219,-0.009960,-0.002581
1771002464.166368,30.491246,-1.365819,-1.081571,1.109797,0.015789,0.008029,0.009592
1771002464.171350,30.496228,-1.362579,-1.055753,1.100507,0.015653,0.008620,0.009988
1771002464.176346,30.501225,-1.849635,-1.979208,0.806077,0.018179,-0.010583,-0.002635
1771002464.181321,30.506199,-1.325960,-0.995931,1.092746,0.014918,0.008736,0.010090
1771002464.186296,30.511174,-1.340161,-0.961609,1.139029,0.014784,0.009131,0.010091
1771002464.191269,30.516147,-1.570645,-2.123532,0.340038,0.014953,-0.005702,-0.002713
1771002464.196256,30.521135,-1.404737,-1.157251,1.075412,0.016392,0.007439,0.009806
1771002464.201242,30.526121,-1.378645,-1.076016,1.109184,0.015876,0.008574,0.009794
1771002464.206224,30.531103,-1.386829,-1.122340,1.104136,0.016294,0.008226,0.009624
1771002464.211210,30.536089,-1.406034,-1.133889,1.098913,0.016061,0.007767,0.009659
1771002464.216188,30.541067,-1.410018,-1.044078,1.090233,0.015282,0.008022,0.009437
1771002464.221164,30.546043,-1.130709,-1.035205,0.448476,0.006810,0.016083,0.011487
1771002464.226151,30.551030,-1.351286,-1.090646,1.106773,0.015934,0.008033,0.010128
1771002464.231130,30.556009,-1.933884,-2.092753,0.791646,0.019265,-0.010952,-0.003337
1771002464.236116,30.560995,-1.917967,-2.124116,0.769690,0.019592,-0.010860,-0.003679
1771002464.241106,30.565984,-1.586209,-1.978689,0.388820,0.013249,-0.005139,-0.002277
1771002464.246083,30.570962,-1.915945,-2.125472,0.760564,0.019646,-0.010752,-0.002838
1771002464.251067,30.575946,-1.909798,-2.034724,0.799644,0.018615,-0.009992,-0.002692
1771002464.256044,30.580922,-1.882712,-2.004653,0.828351,0.018182,-0.010410,-0.002762
1771002464.261026,30.585905,-1.825762,-1.940445,0.837965,0.017469,-0.010157,-0.002247
1771002464.266013,30.590891,-1.868004,-2.022833,0.811615,0.018641,-0.010532,-0.002567
1771002464.270992,30.595870,-1.884971,-1.982966,0.787864,0.018053,-0.010157,-0.003180
1771002464.275985,30.600863,-1.419509,-1.099152,1.117337,0.016061,0.008264,0.009278
1771002464.280962,30.605841,-1.591761,-2.056702,0.360120,0.014235,-0.005505,-0.002484
1771002464.285942,30.610821,-1.364726,-1.065106,1.089141,0.015693,0.007833,0.009671
1771002464.290951,30.615830,-1.359216,-1.151780,1.047082,0.016719,0.007929,0.010573
1771002464.295902,30.620781,-1.545182,-2.107483,0.326263,0.015015,-0.005365,-0.002084
1771002464.300894,30.625772,-1.815454,-1.908206,0.831670,0.017278,-0.009831,-0.002583
1771002464.305881,30.630759,-1.532568,-1.982878,0.340310,0.013518,-0.004706,-0.001796
1771002464.310861,30.635740,-1.047154,-0.907455,0.480674,0.006039,0.017069,0.011632
1771002464.315833,30.640712,-1.325922,-0.882531,1.172873,0.013931,0.009198,0.010591
1771002464.320816,30.645695,-1.539210,-1.918484,0.351274,0.012746,-0.004744,-0.002245
1771002464.325796,30.650674,-1.777246,-1.818076,0.834257,0.016385,-0.009346,-0.001788
1771002464.330785,30.655663,-1.820171,-1.840728,0.817842,0.016395,-0.009669,-0.002378
1771002464.335754,30.660633,-1.513966,-2.036935,0.336340,0.014342,-0.005203,-0.001815
1771002464.340746,30.665625,1.700388,-0.034617,-0.106652,-0.004538,0.023595,0.011677
1771002464.345727,30.670605,-1.073384,-0.928570,0.485641,0.005869,0.017009,0.011292
1771002464.350701,30.675579,-1.075308,-0.866203,0.487272,0.005451,0.017579,0.011771
1771002464.355684,30.680562,-1.105185,-0.984530,0.414472,0.006057,0.016282,0.011065
1771002464.360658,30.685537,-1.118284,-1.046148,0.423682,0.006566,0.015622,0.011178
1771002464.365653,30.690532,-1.149868,-0.991064,0.451048,0.006418,0.015269,0.010642
1771002464.370632,30.695511,-1.354901,-0.980150,1.064605,0.015023,0.009717,0.010258
1771002464.375610,30.700489,-1.593935,-2.072939,0.302001,0.014589,-0.005280,-0.002389
1771002464.380690,30.705569,-1.915526,-1.172312,1.174765,0.005779,-0.017325,0.000065
1771002464.386061,30.710939,-1.603319,-2.159381,0.276772,0.015510,-0.005747,-0.002395
1771002464.391009,30.715888,-1.105520,-0.975533,0.448700,0.006377,0.016791,0.011860
1771002464.395533,30.720412,-1.932068,-2.034026,0.752292,0.018255,-0.010598,-0.002779
1771002464.400964,30.725843,-1.136850,-1.002695,0.429102,0.006869,0.015838,0.011045
1771002464.405505,30.730384,-1.627664,-2.065396,0.317264,0.014547,-0.005660,-0.002575
1771002464.410531,30.735410,-1.364504,-1.067235,1.078966,0.015717,0.008374,0.010412
1771002464.415465,30.740344,-1.798306,-1.799393,0.853763,0.016127,-0.009200,-0.002184
1771002464.420449,30.745328,-1.845906,-2.078144,0.770442,0.019351,-0.010646,-0.002242
1771002464.425424,30.750303,-1.329345,-0.992489,1.089039,0.015118,0.008792,0.010138
1771002464.430422,30.755301,-1.368013,-1.090931,1.066668,0.016000,0.008040,0.009703
1771002464.435405,30.760284,-1.841926,-2.016806,0.806510,0.018472,-0.010397,-0.002200
1771002464.440424,30.765302,-1.033274,-0.877280,0.496270,0.005064,0.017590,0.011540
1771002464.445372,30.770251,-1.844734,-1.951429,0.795191,0.017836,-0.009948,-0.002570
1771002464.450349,30.775228,-1.329500,-1.001724,1.103287,0.015436,0.009497,0.009917
1771002464.455310,30.780189,-1.882731,-2.112349,0.759700,0.019566,-0.011102,-0.003080
1771002464.460365,30.785244,-1.110029,-1.010272,0.483125,0.006593,0.016287,0.011274
1771002464.465287,30.790166,-1.825616,-1.903618,0.855274,0.017248,-0.010125,-0.002395
1771002464.470309,30.795188,-1.832097,-2.028050,0.800988,0.018720,-0.009986,-0.002934
1771002464.475248,30.800127,-1.371465,-1.051057,1.120829,0.015594,0.008214,0.009918
1771002464.480295,30.805174,-1.881843,-2.011936,0.782856,0.018400,-0.010314,-0.003562
1771002464.485222,30.810101,-1.406011,-1.080722,1.065618,0.015881,0.008875,0.009868
1771002464.490259,30.815138,-1.872573,-1.899622,0.841279,0.016979,-0.010042,-0.002219
1771002464.495179,30.820058,-1.369740,-1.090509,1.093958,0.015887,0.008082,0.009825
1771002464.500171,30.825049,-1.125928,-0.975579,0.487394,0.006145,0.016560,0.011713
1771002464.505146,30.830025,-1.150446,-1.012703,0.477783,0.006379,0.015807,0.011376
1771002464.510124,30.835003,-1.870611,-1.905428,0.795208,0.016920,-0.010036,-0.002347
1771002464.515114,30.839993,-1.857054,-1.966302,0.822148,0.017820,-0.010097,-0.002631
1771002464.520085,30.844964,-1.146120,-1.035568,0.469407,0.006636,0.015947,0.011363
1771002464.525073,30.849951,-1.892393,-1.153042,1.212851,0.005377,-0.017048,0.000284
1771002464.530052,30.854931,-1.606359,-2.103910,0.335119,0.014793,-0.005569,-0.002362
1771002464.535024,30.859903,-1.570961,-2.073341,0.354692,0.014714,-0.005228,-0.002081
1771002464.540001,30.864879,-1.861701,-2.007404,0.774589,0.018496,-0.010332,-0.002973
1771002464.545017,30.869895,-1.370470,-1.101902,1.063864,0.016020,0.008270,0.009543
1771002464.549988,30.874866,-1.846510,-1.991973,0.805589,0.018205,-0.010323,-0.002244
1771002464.554953,30.879832,-1.853952,-2.013139,0.772147,0.018409,-0.010267,-0.002718
1771002464.559936,30.884815,-1.886047,-2.112018,0.753812,0.019472,-0.010669,-0.002655
1771002464.564937,30.889816,-1.393220,-1.135145,1.024003,0.016108,0.008220,0.009958
1771002464.569907,30.894786,-1.909897,-2.101848,0.756055,0.019292,-0.010822,-0.003455
1771002464.574954,30.899832,-1.854633,-1.970880,0.788409,0.017881,-0.010118,-0.002230
1771002464.579869,30.904747,-0.405713,-0.764665,-0.941740,-0.002323,0.004290,-0.007259
1771002464.584866,30.909744,0.836574,-0.593997,-0.886152,0.001807,0.001435,-0.003331
1771002464.589833,30.914712,0.855784,-0.403406,-0.840573,0.000177,0.001734,-0.003207
1771002464.594833,30.919711,0.880599,-0.437355,-0.883686,0.000602,0.002628,-0.002895
1771002464.599803,30.924682,-1.711184,-0.616202,-0.045349,-0.000839,-0.002432,0.007200
1771002464.604770,30.929649,-1.613042,-2.206106,0.281536,0.015775,-0.006160,-0.002600
1771002464.609768,30.934646,-1.593297,-2.062029,0.304889,0.014627,-0.004923,-0.002355
1771002464.614742,30.939621,-1.904789,-2.035576,0.796966,0.018376,-0.011007,-0.002362
1771002464.619714,30.944592,-1.861966,-2.128789,0.762022,0.019892,-0.011076,-0.002469
1771002464.624704,30.949583,-1.878138,-2.012750,0.780158,0.018255,-0.010220,-0.003055
1771002464.629679,30.954558,-1.610673,-2.254077,0.274947,0.016538,-0.005780,-0.002533
1771002464.634665,30.959544,-1.532683,-1.963418,0.368295,0.013096,-0.005128,-0.002180
1771002464.639660,30.964539,-1.824287,-2.010080,0.807602,0.018432,-0.010321,-0.002562
1771002464.644935,30.969813,-1.663516,-2.426862,0.558610,0.025264,-0.010765,0.000512
1771002464.649607,30.974486,0.649845,-0.723035,0.853613,0.014249,0.018468,0.014233
1771002464.654576,30.979455,-1.845851,-1.948518,0.769872,0.017655,-0.009666,-0.002745
1771002464.659577,30.984456,-1.292429,-0.975851,1.121034,0.014988,0.008905,0.010151
1771002464.664547,30.989426,-1.107736,-0.953687,0.484620,0.006059,0.016554,0.011161
1771002464.669541,30.994419,-1.340549,-1.038009,1.082892,0.015320,0.009018,0.010189
1771002464.674539,30.999418,-1.860687,-1.971952,0.791665,0.018184,-0.010206,-0.002712
1771002464.679506,31.004384,-1.407687,-1.077649,1.088320,0.015716,0.007757,0.009432
1771002464.684471,31.009350,-1.341908,-0.993083,1.087879,0.015222,0.009335,0.010321
1771002464.689467,31.014346,-1.842457,-1.920081,0.803811,0.017422,-0.010021,-0.002429
1771002464.694444,31.019323,-1.551913,-1.941467,0.383869,0.012940,-0.004794,-0.001696
1771002464.699436,31.024314,-1.119010,-0.969170,0.480095,0.005902,0.016354,0.011541
1771002464.704442,31.029320,-1.169869,-1.032978,0.445063,0.006481,0.015744,0.010712
1771002464.709384,31.034262,-1.808161,-2.058015,0.730614,0.019291,-0.010468,-0.002592
1771002464.714381,31.039259,-1.026960,-0.870262,0.475840,0.005911,0.017570,0.011631
1771002464.719356,31.044235,-1.577804,-2.093363,0.312281,0.014854,-0.005711,-0.002870
1771002464.724371,31.049250,-1.788095,-2.034554,0.783675,0.018849,-0.010460,-0.002422
1771002464.729321,31.054199,-1.873677,-2.018192,0.785758,0.018585,-0.010475,-0.003040
1771002464.734311,31.059189,-1.543036,-1.986005,0.348883,0.013306,-0.005319,-0.002339
1771002464.739281,31.064160,-1.098894,-0.936046,0.475834,0.005647,0.017120,0.011910
1771002464.744335,31.069214,-1.533955,-1.956432,0.364964,0.013326,-0.004799,-0.001468
1771002464.749254,31.074133,-1.585834,-2.060560,0.337082,0.014253,-0.005570,-0.002091
1771002464.754221,31.079099,-1.367021,-1.105237,1.050990,0.016594,0.008591,0.010336
1771002464.759206,31.084085,-1.435085,-1.117098,1.052744,0.016345,0.008111,0.009079
1771002464.764182,31.089061,-1.156558,-1.027217,0.471246,0.006691,0.015642,0.011109
1771002464.769157,31.094036,-1.347798,-1.053441,1.050666,0.016069,0.008989,0.010463
1771002464.774147,31.099025,-1.875609,-1.969708,0.802999,0.017912,-0.010230,-0.002421
1771002464.779154,31.104033,-1.889260,-2.082928,0.763206,0.019204,-0.010713,-0.003713
1771002464.784128,31.109007,-1.605580,-2.074065,0.329652,0.014253,-0.005768,-0.002052
1771002464.789084,31.113962,-1.600703,-2.104930,0.308702,0.014873,-0.005783,-0.002700
1771002464.794136,31.119015,-1.885874,-2.069929,0.753309,0.019132,-0.010541,-0.003146
1771002464.799051,31.123930,-1.384385,-1.077563,1.048990,0.015860,0.008952,0.010228
1771002464.804183,31.129062,-1.550364,-2.028895,0.348508,0.013870,-0.005118,-0.001557
1771002464.809250,31.134129,-1.357193,-1.099237,1.064577,0.016014,0.008189,0.010311
1771002464.814009,31.138888,-1.558437,-1.940738,0.366076,0.012920,-0.004834,-0.001865
1771002464.818990,31.143869,-1.533607,-1.971741,0.369135,0.013585,-0.004304,-0.002115
1771002464.823976,31.148855,-1.870027,-2.048388,0.770786,0.019132,-0.009984,-0.002805
1771002464.828958,31.153837,-1.851809,-1.922994,0.819632,0.017217,-0.010022,-0.002465
1771002464.833930,31.158809,-1.343607,-0.997342,1.131965,0.015200,0.008803,0.010383
1771002464.838921,31.163800,-1.332945,-0.963018,1.118291,0.014860,0.009072,0.009953
1771002464.843910,31.168788,-1.296781,-0.918244,1.150592,0.014232,0.009122,0.010316
1771002464.848896,31.173774,-1.310160,-1.059167,1.126379,0.015517,0.008058,0.010053
1771002464.853865,31.178744,-1.060905,-0.896531,0.524133,0.005699,0.017241,0.011979
1771002464.858858,31.183737,-1.834839,-1.888535,0.816952,0.016789,-0.010196,-0.002339
1771002464.863823,31.188702,-1.801611,-1.935184,0.830914,0.017727,-0.009957,-0.002249
1771002464.868802,31.193681,-1.808487,-1.861620,0.876086,0.016983,-0.009629,-0.002064
1771002464.873790,31.198668,-1.799512,-1.878711,0.837287,0.017206,-0.009787,-0.001966
1771002464.878764,31.203642,-1.051980,-0.864615,0.563703,0.005329,0.017447,0.011406
1771002464.883756,31.208634,-1.412885,-1.039940,1.109240,0.015241,0.008534,0.009682
1771002464.888718,31.213596,-1.597978,-2.100201,0.343579,0.014769,-0.005584,-0.002463
1771002464.893719,31.218597,-1.829969,-2.062907,0.769511,0.019216,-0.010053,-0.002753
1771002464.899330,31.224209,-1.908477,-1.967170,0.846995,0.017942,-0.010073,-0.002454
1771002464.903667,31.228545,-1.877149,-1.972048,0.826077,0.017720,-0.009957,-0.002136
1771002464.908664,31.233543,-1.686480,-2.218508,0.291096,0.015451,-0.005610,-0.002776
1771002464.913654,31.238533,-1.461354,-1.119039,1.050466,0.016302,0.008545,0.009324
1771002464.918602,31.243481,-1.721594,-2.291256,0.272396,0.016823,-0.006430,-0.002938
1771002464.923608,31.248487,-1.213494,-0.963425,0.435511,0.006103,0.016121,0.011226
1771002464.928599,31.253478,-1.941756,-2.135209,0.752466,0.019740,-0.011091,-0.003433
1771002464.934139,31.259017,-1.655221,-2.165777,0.308669,0.015587,-0.005265,-0.002182
1771002464.938553,31.263432,-1.594818,-2.143069,0.302735,0.015467,-0.005464,-0.002248
1771002464.943531,31.268410,-1.904376,-2.067788,0.766212,0.018936,-0.010457,-0.003154
1771002464.948504,31.273383,-1.183128,-1.131026,0.455227,0.007670,0.014898,0.010594
1771002464.953499,31.278378,0.817917,1.078725,0.379919,0.008927,0.014522,0.016411
1771002464.958507,31.283386,0.173518,-0.670097,-1.018316,0.004193,-0.005350,-0.001566
1771002464.963454,31.288333,0.833608,-0.539594,-0.879315,0.001515,0.002110,-0.002995
1771002464.968520,31.293398,0.075518,-0.460524,-0.740556,0.002267,-0.005975,-0.001255
1771002464.973846,31.298725,0.811301,-0.456372,-0.914557,0.001046,0.002360,-0.003357
1771002464.978860,31.303739,-1.354358,-0.195030,1.374380,0.006040,0.006340,0.005721
1771002464.983830,31.308709,-1.905504,-2.022326,0.802797,0.018507,-0.010786,-0.003188
1771002464.988364,31.313242,1.286035,2.064080,-1.134332,-0.016467,0.015019,0.005897
1771002464.993351,31.318230,0.884207,-0.467412,-0.870242,0.001072,0.002185,-0.003050
1771002464.998330,31.323209,0.874792,-0.350092,-0.803937,-0.000303,0.002351,-0.002807
1771002465.003305,31.328183,0.861755,-0.529416,-0.870034,0.001383,0.001527,-0.002991
1771002465.008306,31.333185,-0.146719,-1.062391,-0.194229,0.000170,-0.011878,0.000674
1771002465.013281,31.338160,-1.601869,-2.078093,0.340605,0.014593,-0.005608,-0.002944
1771002465.018251,31.343130,-1.593454,-2.049348,0.347067,0.014140,-0.005342,-0.002239
1771002465.023225,31.348104,-1.571564,-2.005795,0.356033,0.013827,-0.005259,-0.002243
1771002465.028210,31.353089,-1.861845,-1.999004,0.828730,0.018477,-0.010522,-0.002387
1771002465.033200,31.358078,-1.881653,-2.054891,0.768483,0.018756,-0.010229,-0.003026
1771002465.038176,31.363055,-1.812727,-2.028474,0.777294,0.018843,-0.010060,-0.002525
1771002465.043179,31.368058,-1.849017,-2.000383,0.793912,0.018429,-0.010170,-0.001801
1771002465.048138,31.373017,-1.333274,-1.042703,1.113681,0.015631,0.008333,0.010037
1771002465.053122,31.378001,-1.595615,-2.110761,0.359546,0.015080,-0.005409,-0.002034
1771002465.058106,31.382985,-1.856933,-1.939465,0.862505,0.017796,-0.010149,-0.003074
1771002465.063084,31.387963,-1.867959,-2.026076,0.815152,0.018537,-0.010316,-0.002361
1771002465.068074,31.392953,-1.356086,-0.997273,1.125337,0.015203,0.008760,0.010261
1771002465.073049,31.397928,-1.078143,-0.914663,0.494528,0.005708,0.017072,0.011162
1771002465.078035,31.402914,-1.821232,-1.989289,0.818539,0.018358,-0.010563,-0.002399
1771002465.083015,31.407894,-1.358844,-1.078352,1.117469,0.015975,0.008344,0.009701
1771002465.087992,31.412871,-1.594044,-2.060082,0.363775,0.014304,-0.005566,-0.002323
1771002465.092986,31.417865,-1.375073,-1.039047,1.095541,0.015380,0.008637,0.009690
1771002465.097964,31.422843,-1.875811,-1.989782,0.792939,0.018144,-0.009996,-0.002812
1771002465.102943,31.427821,-1.879098,-1.924467,0.785125,0.017289,-0.010001,-0.003066
1771002465.107937,31.432816,-1.379340,-1.065242,1.096818,0.015722,0.008444,0.009643
1771002465.112900,31.437778,-1.861481,-2.064620,0.792644,0.019043,-0.010483,-0.002674
1771002465.117894,31.442772,-1.890974,-2.062598,0.793378,0.019020,-0.010513,-0.003503
1771002465.122870,31.447748,-1.894071,-2.029880,0.769553,0.018621,-0.010131,-0.003112
1771002465.127847,31.452725,-1.652147,-2.273309,0.291092,0.016672,-0.006161,-0.002909
1771002465.132836,31.457715,-1.879841,-2.069923,0.782966,0.019089,-0.010319,-0.002646
1771002465.137810,31.462689,-1.407779,-1.171360,1.063262,0.016544,0.007626,0.009997
1771002465.142800,31.467679,-1.858281,-1.909414,0.806688,0.017108,-0.010014,-0.002958
1771002465.147785,31.472664,-1.618030,-2.107723,0.291982,0.014899,-0.005203,-0.003110
1771002465.152757,31.477636,-1.892914,-1.869624,0.841284,0.016550,-0.009971,-0.002636
1771002465.157737,31.482615,-1.384635,-1.074582,1.091429,0.015953,0.008597,0.009554
1771002465.162722,31.487600,-1.926324,-1.992384,0.807683,0.017876,-0.010080,-0.003257
1771002465.167710,31.492588,-1.871115,-2.044626,0.807336,0.018708,-0.010839,-0.002822
1771002465.172687,31.497565,-1.859801,-2.116643,0.788031,0.019662,-0.010475,-0.003354
1771002465.177678,31.502557,-1.358341,-1.045108,1.099781,0.015638,0.008751,0.010128
1771002465.182664,31.507543,-1.934421,-2.075758,0.782783,0.018829,-0.010729,-0.003242
1771002465.187632,31.512511,-1.887417,-1.974541,0.819825,0.018045,-0.010002,-0.002998
1771002465.192611,31.517490,-1.348489,-1.014050,1.114048,0.015351,0.009279,0.010281
1771002465.197594,31.522473,-1.387052,-1.052460,1.099223,0.015693,0.008766,0.009422
1771002465.202585,31.527463,-1.836338,-1.870670,0.867570,0.017047,-0.009477,-0.002430
1771002465.207566,31.532445,-1.839627,-1.986320,0.841409,0.018337,-0.010232,-0.002603
1771002465.212578,31.537457,-1.611922,-2.110438,0.347173,0.014854,-0.005421,-0.002989
1771002465.217522,31.542400,-1.884331,-2.062699,0.803550,0.018957,-0.010689,-0.002939
1771002465.222544,31.547423,-1.836438,-2.026497,0.821677,0.018732,-0.010290,-0.002318
1771002465.227483,31.552361,-1.849901,-1.949736,0.836965,0.017942,-0.010233,-0.002807
1771002465.232486,31.557365,-1.871242,-2.046257,0.794289,0.018888,-0.010724,-0.003018
1771002465.237442,31.562321,-1.864925,-1.972127,0.842131,0.018173,-0.010000,-0.002965
1771002465.242431,31.567310,-1.826632,-2.023344,0.810580,0.018988,-0.010019,-0.002614
1771002465.247424,31.572303,-1.353762,-1.068390,1.159441,0.015628,0.008120,0.010341
1771002465.252419,31.577298,-1.851880,-1.978909,0.833113,0.018070,-0.010111,-0.002858
1771002465.257382,31.582261,-1.880770,-2.031371,0.778931,0.018603,-0.010592,-0.002843
1771002465.262423,31.587302,-1.812625,0.129646,0.828671,-0.006426,-0.007884,-0.005847
1771002465.267344,31.592222,-1.427334,-1.139610,1.093720,0.016608,0.007785,0.009519
1771002465.272351,31.597230,-1.825466,-1.521925,0.411139,0.005618,-0.012786,-0.002316
1771002465.277314,31.602192,0.870240,-0.489535,-0.915748,0.001529,0.002476,-0.003005
1771002465.282304,31.607183,0.889649,-0.567557,-0.916239,0.001648,0.001653,-0.002851
1771002465.287265,31.612143,0.859066,-0.526787,-0.851280,0.001596,0.001796,-0.002826
1771002465.292253,31.617132,0.875443,-0.502064,-0.894334,0.001575,0.002062,-0.002931
1771002465.297240,31.622119,0.523997,-2.426681,0.336941,0.031460,-0.006446,0.004724
1771002465.302217,31.627096,-1.888608,-1.940962,0.826973,0.017578,-0.010295,-0.002940
1771002465.307202,31.632081,-1.929454,-2.079290,0.796759,0.019215,-0.010686,-0.003138
1771002465.312187,31.637066,-1.881010,-2.076374,0.766717,0.019233,-0.010508,-0.002965
1771002465.317159,31.642038,-1.885531,-2.035649,0.805479,0.018804,-0.010282,-0.003340
1771002465.322158,31.647036,-1.870918,-1.918331,0.860633,0.017396,-0.009580,-0.002399
1771002465.327130,31.652009,-1.863429,-2.010634,0.808669,0.018425,-0.010582,-0.003069
1771002465.332103,31.656982,-1.926486,-2.066628,0.785789,0.018916,-0.010773,-0.002860
1771002465.337093,31.661972,-1.948525,-2.086452,0.786353,0.019313,-0.010439,-0.003775
1771002465.342074,31.666952,-1.915231,-1.903700,0.856533,0.016964,-0.009839,-0.003132
1771002465.347067,31.671946,-1.408595,-1.157375,1.111444,0.016453,0.007536,0.009601
1771002465.352040,31.676919,-1.435659,-1.157963,1.091475,0.016449,0.007632,0.009326
1771002465.357020,31.681899,-1.357899,-1.072640,1.114180,0.015801,0.008441,0.010315
1771002465.361999,31.686878,-1.352400,-1.050873,1.126251,0.015759,0.008872,0.009883
1771002465.366980,31.691859,-1.601539,-1.958262,0.380034,0.012897,-0.005230,-0.002501
1771002465.371961,31.696840,-1.817554,-2.048908,0.809361,0.019197,-0.009900,-0.002600
1771002465.376964,31.701843,-1.895517,-2.160393,0.766311,0.020204,-0.010846,-0.003127
1771002465.381934,31.706813,-1.890686,-1.946887,0.841334,0.017618,-0.010518,-0.003213
1771002465.386911,31.711790,-1.912265,-2.095316,0.815400,0.019495,-0.010496,-0.003085
1771002465.391896,31.716774,-1.867697,-1.905912,0.875845,0.017028,-0.009946,-0.002663
1771002465.396873,31.721751,-1.883509,-2.037301,0.806182,0.018944,-0.010229,-0.003568
1771002465.401862,31.726740,-1.372764,-1.062093,1.122204,0.015712,0.008670,0.010228
1771002465.407141,31.732020,-1.887052,-2.001620,0.820081,0.018342,-0.010273,-0.002952
1771002465.411824,31.736703,-1.855930,-1.953709,0.820133,0.017743,-0.010207,-0.002621
1771002465.416804,31.741683,-1.881066,-2.063685,0.793568,0.019028,-0.010583,-0.003232
1771002465.421783,31.746662,-1.330508,-1.035550,1.176278,0.015241,0.008449,0.009797
1771002465.427138,31.752017,-1.899585,-2.075365,0.824085,0.019180,-0.010849,-0.003396
1771002465.432108,31.756987,-1.865044,-1.982991,0.822983,0.018444,-0.010389,-0.002811
1771002465.436912,31.761791,-1.382073,-1.034325,1.129942,0.015755,0.008944,0.009902
1771002465.441710,31.766589,-1.842252,-1.860878,0.830179,0.016723,-0.009466,-0.002255
1771002465.446684,31.771563,-1.391055,-1.053039,1.110304,0.015630,0.008519,0.009532
1771002465.451678,31.776556,-1.882251,-2.098021,0.783460,0.019336,-0.010544,-0.002996
1771002465.456657,31.781536,-1.878828,-1.974645,0.823419,0.018078,-0.010287,-0.002658
1771002465.461643,31.786521,-1.824474,-1.867603,0.845461,0.016889,-0.009416,-0.002858
1771002465.466647,31.791526,-1.869551,-1.864907,0.845434,0.016722,-0.010006,-0.003237
1771002465.471604,31.796482,-1.353171,-0.998630,1.144905,0.015116,0.008691,0.009836
1771002465.476592,31.801471,-1.890532,-1.941074,0.852453,0.017537,-0.010242,-0.002784
1771002465.481574,31.806453,-1.883038,-2.056115,0.805740,0.018852,-0.010201,-0.002466
1771002465.486566,31.811444,-1.416643,-1.109516,1.105533,0.016146,0.008433,0.009503
1771002465.491513,31.816391,-1.882572,-2.002195,0.797568,0.018313,-0.010279,-0.003183
1771002465.496653,31.821532,-1.421604,-1.101388,1.075541,0.016133,0.008475,0.009211
1771002465.501479,31.826358,-1.425397,-1.119697,1.077298,0.016239,0.007735,0.009067
1771002465.506504,31.831383,-1.441119,-1.136181,1.085168,0.016493,0.008139,0.009112
1771002465.511478,31.836357,-1.364849,-1.001177,1.110714,0.015223,0.009279,0.009859
1771002465.516453,31.841332,-1.872170,-2.068533,0.784966,0.019254,-0.010224,-0.002955
1771002465.521412,31.846291,-1.646232,-2.097433,0.329629,0.014541,-0.005790,-0.002731
1771002465.526402,31.851280,-1.921543,-1.990057,0.797456,0.018326,-0.010513,-0.003214
1771002465.531379,31.856258,-1.890500,-1.973537,0.825253,0.018213,-0.010133,-0.002557
1771002465.536369,31.861248,-1.877729,-1.905309,0.844841,0.017068,-0.010180,-0.003159
1771002465.541336,31.866215,-1.169837,-1.039251,0.429208,0.006877,0.015775,0.010586
1771002465.546335,31.871214,-1.431680,-1.158777,1.044086,0.016629,0.007474,0.009065
1771002465.551308,31.876186,-1.550495,-2.041850,0.318212,0.014441,-0.004796,-0.002126
1771002465.556294,31.881173,-1.400693,-1.069148,1.089773,0.015898,0.008187,0.009180
1771002465.561270,31.886149,-1.390425,-0.997994,1.137975,0.014997,0.008664,0.009295
1771002465.566256,31.891135,-1.751437,-1.897166,0.760526,0.016834,-0.009217,-0.004197
1771002465.571235,31.896113,0.888188,-0.428674,-0.834230,0.000648,0.002346,-0.002794
1771002465.576220,31.901098,0.882257,-0.540211,-0.879438,0.001954,0.002355,-0.002923
1771002465.581225,31.906104,0.895576,-0.415783,-0.866705,0.000985,0.002919,-0.002870
1771002465.586185,31.911064,0.921513,-0.364884,-0.788208,0.000486,0.002710,-0.002365
1771002465.591166,31.916045,0.875151,-0.445433,-0.827821,0.000861,0.002331,-0.002924
1771002465.596152,31.921030,0.873239,-0.473406,-0.891943,0.001291,0.002336,-0.002925
1771002465.601128,31.926006,0.042790,-1.600371,0.299995,0.013711,-0.002399,-0.001927
1771002465.606115,31.930994,-1.337564,-1.014762,1.110255,0.015211,0.009440,0.010260
1771002465.611099,31.935978,-1.917705,-2.047621,0.789001,0.018952,-0.010369,-0.003144
1771002465.616083,31.940962,-1.402107,-0.995703,1.115887,0.014967,0.008815,0.009672
1771002465.621067,31.945946,-1.878396,-2.043832,0.777480,0.019203,-0.009881,-0.002892
1771002465.626040,31.950918,-1.838821,-1.965046,0.803792,0.017970,-0.009927,-0.003358
1771002465.631021,31.955900,-1.878118,-1.967321,0.821311,0.017948,-0.010064,-0.002475
1771002465.636003,31.960882,-1.871545,-1.927985,0.812376,0.017421,-0.010281,-0.003119
1771002465.641008,31.965886,-1.882331,-1.983602,0.800992,0.018061,-0.010101,-0.003091
1771002465.645962,31.970840,-1.882450,-2.028519,0.769525,0.018610,-0.009696,-0.003156
1771002465.650943,31.975822,-1.871994,-1.987785,0.816163,0.018299,-0.010261,-0.002855
1771002465.655936,31.980814,-1.334275,-1.024249,1.125857,0.015391,0.009169,0.010024
1771002465.660916,31.985795,-1.419374,-1.116788,1.059629,0.016151,0.008363,0.009159
1771002465.665892,31.990771,-1.870232,-1.937991,0.835274,0.017549,-0.009766,-0.002976
1771002465.670878,31.995756,-1.854120,-1.927621,0.844571,0.017322,-0.010099,-0.002686
1771002465.675860,32.000739,-1.880356,-1.993042,0.811452,0.018186,-0.010404,-0.002816
1771002465.680846,32.005725,-1.862568,-1.865335,0.845250,0.016763,-0.009622,-0.002652
1771002465.685817,32.010695,-1.882430,-1.988906,0.812905,0.018066,-0.010253,-0.003121
1771002465.690793,32.015672,-1.911033,-2.015723,0.797112,0.018382,-0.010771,-0.002613
1771002465.695784,32.020663,-1.878287,-1.827254,0.844030,0.016220,-0.009376,-0.002853
1771002465.700764,32.025643,-1.882498,-2.006458,0.810071,0.018350,-0.010276,-0.003052
1771002465.705749,32.030628,-1.398936,-1.132425,1.099524,0.016383,0.007666,0.009519
1771002465.710740,32.035619,-1.356524,-0.997536,1.124910,0.015012,0.008539,0.009880
1771002465.715706,32.040585,-1.894562,-2.017566,0.801745,0.018683,-0.010505,-0.002725
1771002465.720685,32.045564,-1.871327,-1.955213,0.820376,0.017742,-0.009902,-0.002504
1771002465.725669,32.050548,-1.606117,-2.142374,0.320430,0.015357,-0.005170,-0.002380
1771002465.730654,32.055533,-1.903469,-1.937362,0.810477,0.017242,-0.010386,-0.003368
1771002465.735633,32.060512,-1.144104,-0.971877,0.490685,0.006111,0.016284,0.010798
1771002465.740625,32.065504,-1.879252,-1.969735,0.776362,0.017979,-0.010239,-0.002963
1771002465.745614,32.070493,-1.901924,-1.960518,0.807232,0.017862,-0.010402,-0.003003
1771002465.750594,32.075473,-1.343290,-1.058615,1.125917,0.015749,0.008470,0.010291
1771002465.755576,32.080455,-1.348158,-1.037576,1.122139,0.015629,0.008623,0.010046
1771002465.760555,32.085433,-1.552534,-2.039487,0.335881,0.014377,-0.005048,-0.002217
1771002465.765527,32.090405,-1.098826,-0.798171,0.565060,0.005232,0.018168,0.011598
1771002465.770535,32.095414,-1.340487,-1.038052,1.114512,0.015599,0.008592,0.009866
1771002465.775498,32.100377,-1.372123,-1.057809,1.120030,0.015660,0.008584,0.009947
1771002465.780485,32.105364,-1.409846,-1.059889,1.116894,0.016028,0.008469,0.009220
1771002465.785457,32.110336,-1.111335,-0.858057,0.496294,0.005529,0.017666,0.011448
1771002465.790436,32.115315,-1.360715,-0.947666,1.129815,0.014635,0.008939,0.009840
1771002465.795427,32.120306,-1.408496,-1.107301,1.090542,0.016362,0.008409,0.009469
1771002465.800398,32.125277,-1.886881,-2.093324,0.776198,0.019505,-0.010297,-0.003229
1771002465.805382,32.130260,-1.826836,-1.883482,0.862308,0.017087,-0.009829,-0.002629
1771002465.810370,32.135248,-1.849045,-1.957772,0.829323,0.017907,-0.009804,-0.002522
1771002465.815344,32.140222,-1.364576,-0.961714,1.125181,0.014939,0.009684,0.009926
1771002465.820342,32.145220,-1.924578,-2.094777,0.778079,0.019317,-0.010964,-0.003668
1771002465.825403,32.150281,-1.908061,-2.035616,0.775639,0.018984,-0.010668,-0.003335
1771002465.830583,32.155462,-1.881552,-1.992688,0.829201,0.018225,-0.010589,-0.002752
1771002465.835347,32.160226,-1.414850,-1.062186,1.115121,0.015744,0.008448,0.009225
1771002465.840275,32.165154,-1.907249,-2.028917,0.785147,0.018666,-0.010225,-0.003443
1771002465.845248,32.170127,-1.404045,-1.082193,1.074662,0.016050,0.008417,0.009413
1771002465.850221,32.175100,-1.908931,-2.038802,0.794817,0.018735,-0.010337,-0.003267
1771002465.855203,32.180082,-1.341458,-0.966706,1.122029,0.015000,0.009650,0.010113
1771002465.860192,32.185071,-1.390611,-1.044487,1.088767,0.015733,0.008937,0.009324
1771002465.865172,32.190051,-1.358707,-1.008842,1.065376,0.015623,0.009643,0.010063
1771002465.870150,32.195029,-1.403102,-1.030291,1.077115,0.015711,0.009347,0.009668
1771002465.875138,32.200017,1.610760,-0.546968,-0.578770,0.001883,0.019184,0.007672
1771002465.880116,32.204995,0.888446,-0.513595,-0.867468,0.001730,0.002262,-0.002850
1771002465.885095,32.209974,0.834557,-0.457689,-0.848843,0.001289,0.002256,-0.003065
1771002465.890729,32.215607,0.863996,-0.449399,-0.815500,0.000870,0.001729,-0.002922
1771002465.895531,32.220409,0.870563,-0.456270,-0.855994,0.001381,0.002345,-0.002824
1771002465.900517,32.225396,0.870303,-0.510451,-0.919838,0.001476,0.002103,-0.003267
1771002465.905007,32.229886,0.874258,-0.502324,-0.906734,0.001319,0.002206,-0.003030
1771002465.910015,32.234893,0.878537,-0.513447,-0.876902,0.001537,0.001854,-0.003063
1771002465.915006,32.239885,0.873858,-0.499372,-0.867949,0.001451,0.002145,-0.002928
1771002465.919972,32.244851,-1.233164,-0.525142,0.793643,0.000613,0.007337,0.010870
1771002465.924951,32.249830,-1.855820,-1.988960,0.799950,0.018244,-0.010163,-0.002251
1771002465.929934,32.254813,-1.448000,-1.080951,1.065605,0.016122,0.008499,0.009456
1771002465.934925,32.259804,-1.881042,-1.977098,0.796082,0.018013,-0.010540,-0.002912
1771002465.939895,32.264774,-1.825401,-1.821358,0.901196,0.016261,-0.009921,-0.001878
1771002465.944870,32.269749,-1.845118,-1.977020,0.841156,0.018117,-0.009888,-0.002204
1771002465.949866,32.274745,-1.910394,-2.165907,0.764977,0.020225,-0.010749,-0.003205
1771002465.954844,32.279723,-1.831042,-1.980491,0.820802,0.018364,-0.009990,-0.002823
1771002465.959834,32.284712,-1.397051,-1.101036,1.099188,0.015945,0.008209,0.009581
1771002465.964814,32.289693,-1.841691,-2.074746,0.799941,0.019387,-0.010022,-0.002183
1771002465.969802,32.294680,-1.333796,-1.011113,1.107073,0.015146,0.009120,0.009899
1771002465.974772,32.299651,-1.866580,-1.896564,0.868449,0.016937,-0.010113,-0.002582
1771002465.979761,32.304640,-1.354747,-1.064094,1.093035,0.015671,0.008404,0.009985
1771002465.984733,32.309611,-1.869565,-1.929189,0.803088,0.017378,-0.009976,-0.002545
1771002465.989716,32.314595,-1.936795,-2.019938,0.803742,0.018504,-0.010248,-0.003411
1771002465.994698,32.319577,-1.876017,-1.983264,0.823251,0.018121,-0.010248,-0.002837
1771002465.999678,32.324557,-1.356490,-0.953253,1.105669,0.014631,0.009598,0.010259
1771002466.004664,32.329543,-1.886552,-1.955947,0.813694,0.017624,-0.010367,-0.003114
1771002466.009650,32.334528,-1.882928,-1.999922,0.800253,0.018292,-0.010207,-0.002827
1771002466.014642,32.339520,-2.017857,0.188994,0.520052,-0.003372,-0.007005,-0.009263
1771002466.019603,32.344482,0.893706,-0.474972,-0.853430,0.000974,0.001969,-0.002698
1771002466.024589,32.349467,0.875949,-0.478584,-0.859073,0.001245,0.002594,-0.002682
1771002466.029571,32.354450,0.879262,-0.520146,-0.888685,0.001779,0.002389,-0.003050
1771002466.034577,32.359456,1.301746,-0.403383,-0.600016,0.003136,0.004638,-0.003488
1771002466.039546,32.364424,-1.867208,-1.953995,0.827080,0.017585,-0.010112,-0.002873
1771002466.044775,32.369653,-1.317716,-1.125946,0.950441,0.015405,0.007898,0.007375
1771002466.049493,32.374371,0.878437,-0.453523,-0.825816,0.001132,0.002271,-0.002729
1771002466.054526,32.379404,0.840751,-0.449581,-0.791493,0.000684,0.001439,-0.003214
1771002466.059463,32.384342,0.864590,-0.467229,-0.830155,0.000886,0.001594,-0.003011
1771002466.064460,32.389339,0.874580,-0.561950,-0.864770,0.002070,0.002051,-0.002972
1771002466.069430,32.394309,0.865923,-0.507502,-0.825800,0.001348,0.001538,-0.003200
1771002466.074426,32.399305,0.914733,-0.408765,-0.800822,0.000320,0.002035,-0.002716
1771002466.079422,32.404300,0.799902,-0.178268,-0.595223,-0.002086,0.003492,-0.003360
1771002466.084384,32.409263,-1.366545,-1.089720,1.062219,0.016245,0.008493,0.010325
1771002466.089365,32.414244,-1.372304,-1.050972,1.067468,0.015895,0.008952,0.009882
1771002466.094347,32.419225,-1.364606,-1.053860,1.116572,0.015814,0.008653,0.010128
1771002466.099319,32.424197,-1.581563,-1.914480,0.381734,0.012536,-0.004595,-0.002249
1771002466.104315,32.429194,-1.097589,-0.920639,0.525738,0.005717,0.017646,0.011810
1771002466.109291,32.434170,-1.867148,-1.955576,0.817922,0.017961,-0.009814,-0.002625
1771002466.114273,32.439151,-1.907536,-2.032849,0.771942,0.018756,-0.010413,-0.003164
1771002466.119243,32.444122,-1.304067,-0.958534,1.157328,0.014722,0.009612,0.010963
1771002466.124231,32.449110,-1.873951,-1.932554,0.815292,0.017602,-0.009990,-0.002658
1771002466.129218,32.454097,-1.921676,-2.083455,0.790897,0.019243,-0.010434,-0.002864
1771002466.134199,32.459078,-1.387394,-1.082482,1.081285,0.015808,0.008140,0.009728
1771002466.139184,32.464063,-1.911215,-1.994931,0.810824,0.018247,-0.010415,-0.003612
1771002466.144170,32.469048,-1.450629,-1.109884,1.071873,0.016279,0.008597,0.009794
1771002466.149138,32.474017,-1.884204,-1.966784,0.811923,0.017833,-0.009922,-0.002737
1771002466.154129,32.479007,-1.908354,-2.025326,0.824585,0.019020,-0.009549,-0.003116
1771002466.159106,32.483985,-1.416611,-1.117121,1.117655,0.016170,0.008156,0.009561
1771002466.164087,32.488965,-1.412729,-1.046642,1.114188,0.015716,0.008853,0.008909
1771002466.169065,32.493943,-1.872570,-2.065572,0.797613,0.019332,-0.010468,-0.003503
1771002466.174083,32.498961,-1.393309,-1.055955,1.088788,0.015794,0.008968,0.009458
1771002466.179022,32.503901,-1.892274,-1.937891,0.846403,0.017730,-0.009691,-0.002806
1771002466.184020,32.508899,1.233520,-0.048549,-0.649179,-0.003742,0.012289,0.007197
1771002466.188997,32.513876,0.883848,-0.417075,-0.807411,0.000698,0.002663,-0.002803
1771002466.193977,32.518856,0.854406,-0.593367,-0.874580,0.002113,0.001719,-0.003144
1771002466.198965,32.523843,1.277960,-0.420766,-0.742390,-0.001606,0.019515,0.009663
1771002466.203947,32.528826,-1.400210,-1.030822,1.116001,0.015534,0.008601,0.009580
1771002466.208923,32.533802,-1.880425,-1.906170,0.822160,0.017174,-0.009850,-0.003248
1771002466.213916,32.538794,-1.416592,-0.391814,1.563406,0.003698,0.000439,0.011483
1771002466.218890,32.543769,-1.387410,-1.028758,1.122294,0.015200,0.008887,0.009843
1771002466.223869,32.548747,-1.886715,-2.009830,0.779105,0.018492,-0.010251,-0.003845
1771002466.228855,32.553734,-1.833670,-2.033815,0.800372,0.019034,-0.009771,-0.002553
1771002466.233837,32.558716,-1.888280,-1.934069,0.838487,0.017525,-0.010208,-0.003115
1771002466.238818,32.563697,-1.899544,-2.119178,0.803449,0.019840,-0.010146,-0.003470
1771002466.243805,32.568684,-1.337905,-0.987098,1.168079,0.015285,0.009283,0.009939
1771002466.248792,32.573671,-1.393044,-1.018020,1.102060,0.015471,0.009407,0.009450
1771002466.253767,32.578646,-1.293735,-1.006163,1.108932,0.015357,0.009581,0.010760
1771002466.258757,32.583636,-1.875781,-1.976351,0.785634,0.017867,-0.010532,-0.003707
1771002466.263729,32.588608,-1.875128,-2.063872,0.775145,0.019129,-0.010262,-0.003697
1771002466.268718,32.593596,-1.830697,-1.879912,0.838708,0.017090,-0.009785,-0.002635
1771002466.273690,32.598568,-1.900709,-1.929790,0.815268,0.017268,-0.010220,-0.003147
1771002466.278687,32.603565,-1.377957,-1.035914,1.083545,0.015588,0.009099,0.009832
1771002466.283666,32.608545,-1.935293,-1.994317,0.816282,0.018117,-0.009885,-0.003523
1771002466.288638,32.613517,-1.852989,-1.968264,0.813235,0.018013,-0.010446,-0.002596
1771002466.293622,32.618501,-1.896858,-1.879271,0.839646,0.017081,-0.009430,-0.003462
1771002466.298585,32.623464,-1.906881,-2.040636,0.794127,0.018581,-0.010347,-0.002872
1771002466.303578,32.628457,-1.890238,-2.170477,0.768951,0.020477,-0.010895,-0.003225
1771002466.308580,32.633459,-1.367626,-1.028909,1.096812,0.015648,0.009329,0.010306
1771002466.313548,32.638427,-1.368354,-0.998900,1.139805,0.015184,0.008909,0.009773
1771002466.318534,32.643413,-1.389796,-0.958430,1.129989,0.014782,0.009188,0.009840
1771002466.323509,32.648387,-1.371857,-1.028733,1.109478,0.015347,0.008576,0.010024
1771002466.328498,32.653377,-1.855945,-2.062234,0.768402,0.019193,-0.010274,-0.003053
1771002466.333473,32.658352,-1.075162,-0.934764,0.500432,0.005826,0.016888,0.011824
1771002466.338453,32.663332,-1.892038,-2.013373,0.783774,0.018245,-0.010289,-0.003461
1771002466.343444,32.668322,-1.371645,-1.001202,1.103995,0.015212,0.008918,0.009672
1771002466.348423,32.673301,-1.382774,-1.071798,1.084156,0.015779,0.008717,0.009810
1771002466.353399,32.678278,-1.892658,-2.036205,0.805483,0.018870,-0.009970,-0.003820
1771002466.358384,32.683262,-1.912798,-2.060233,0.768962,0.018974,-0.010721,-0.003420
1771002466.363367,32.688245,-1.416268,-1.120098,1.053791,0.016407,0.008570,0.009044
1771002466.368345,32.693223,-1.393996,-1.025863,1.107089,0.015421,0.008730,0.009711
1771002466.373333,32.698211,-1.865207,-1.969800,0.770516,0.017968,-0.010211,-0.002734
1771002466.378322,32.703201,-1.443074,-1.148937,1.073780,0.016421,0.007697,0.009349
1771002466.383291,32.708170,-1.600008,-2.176972,0.277427,0.015595,-0.005604,-0.002640
1771002466.388275,32.713154,-1.861847,-1.900408,0.820085,0.017097,-0.009976,-0.003014
1771002466.393259,32.718137,-1.362005,-1.031704,1.098883,0.015615,0.008654,0.009775
1771002466.398242,32.723121,-1.378830,-0.980709,1.135145,0.014602,0.008676,0.009960
1771002466.403221,32.728100,-1.393783,-0.991079,1.097703,0.015218,0.008878,0.009720
1771002466.408202,32.733080,-1.880559,-1.980829,0.782412,0.017904,-0.010423,-0.003203
1771002466.413199,32.738077,-1.331424,-0.951559,1.128335,0.014825,0.009502,0.010212
1771002466.418166,32.743044,-1.629449,-1.941467,0.364420,0.012645,-0.005203,-0.002899
1771002466.423142,32.748021,-1.866933,-1.955523,0.858827,0.017757,-0.010112,-0.003016
1771002466.428127,32.753006,-1.830598,-1.897115,0.832094,0.017272,-0.009683,-0.002886
1771002466.433120,32.757998,-1.441615,-1.070302,1.082564,0.016030,0.008791,0.009160
1771002466.438098,32.762976,-1.846170,-2.023049,0.811385,0.018730,-0.010294,-0.003223
1771002466.443081,32.767960,-1.631353,-2.147536,0.301053,0.015178,-0.005914,-0.002829
1771002466.448062,32.772940,-1.351327,-1.057184,1.088035,0.015791,0.008699,0.010105
1771002466.453032,32.777910,-1.819100,-1.762547,0.881728,0.015605,-0.009379,-0.002578
1771002466.458035,32.782913,-1.888127,-2.115992,0.786244,0.019681,-0.010645,-0.003459
1771002466.463004,32.787883,-1.899269,-2.021297,0.780844,0.018300,-0.010786,-0.003078
1771002466.467981,32.792860,-1.879824,-1.924948,0.816992,0.017332,-0.010010,-0.002831
1771002466.472963,32.797842,-1.403582,-1.061891,1.072814,0.016013,0.008749,0.009265
1771002466.477951,32.802830,-1.379979,-1.015051,1.102344,0.015329,0.008940,0.009400
1771002466.482929,32.807807,-1.851765,-1.816869,0.854960,0.016110,-0.009452,-0.002400
1771002466.487910,32.812788,-1.690030,2.028660,1.222022,-0.001234,0.006095,0.005086
1771002466.492893,32.817772,-0.595712,-2.580077,0.546136,0.028211,-0.009306,0.018575
1771002466.497862,32.822741,-1.852357,-1.933592,0.827546,0.017610,-0.009705,-0.002614
1771002466.502950,32.827829,-1.420598,-1.136654,1.078655,0.016222,0.008033,0.009107
1771002466.507858,32.832737,-1.870479,-1.957003,0.817466,0.017746,-0.009851,-0.002450
1771002466.512805,32.837684,-1.871467,-1.975771,0.798406,0.017956,-0.010421,-0.003230
1771002466.517795,32.842674,-1.378451,-1.062970,1.056395,0.015661,0.008723,0.009610
1771002466.522770,32.847648,-1.921962,-2.081911,0.784359,0.019058,-0.010371,-0.003622
1771002466.527757,32.852635,-1.890681,-1.956035,0.814640,0.017646,-0.010168,-0.003139
1771002466.532753,32.857632,-1.385612,-0.995031,1.119442,0.015287,0.009101,0.009160
1771002466.537740,32.862619,-1.407688,-1.067848,1.085743,0.015967,0.008876,0.009506
1771002466.542722,32.867601,-1.860571,-1.928305,0.812284,0.017493,-0.009967,-0.002788
1771002466.547697,32.872576,-1.353206,-0.989854,1.128752,0.015197,0.009539,0.009547
1771002466.552677,32.877556,-1.906553,-1.996570,0.792641,0.018279,-0.010538,-0.003482
1771002466.557654,32.882533,-1.373701,-1.120075,1.087274,0.016276,0.008009,0.009697
1771002466.562632,32.887510,-1.880346,-1.944737,0.815800,0.017618,-0.009863,-0.003167
1771002466.567619,32.892498,-1.400139,-1.051076,1.112694,0.015940,0.008949,0.009440
1771002466.572612,32.897490,-1.864901,-1.917171,0.856065,0.017571,-0.009628,-0.002868
1771002466.577592,32.902471,0.404837,-1.802557,-0.083634,0.015654,-0.002935,-0.004001
1771002466.582560,32.907439,0.832374,-0.553165,-0.879507,0.001611,0.001630,-0.003201
1771002466.587558,32.912436,0.897078,-0.429462,-0.876267,0.000842,0.002384,-0.002789
1771002466.592540,32.917418,0.841439,-0.447381,-0.855067,0.000548,0.001917,-0.003081
1771002466.597520,32.922398,0.843552,-0.949878,-1.193416,0.006212,0.001888,-0.002840
1771002466.602524,32.927403,-1.843665,-1.972440,0.810380,0.018137,-0.009835,-0.002398
1771002466.607486,32.932365,-1.834792,-1.896580,0.807768,0.017163,-0.009903,-0.003035
1771002466.612605,32.937484,-1.407662,-1.005346,1.069827,0.015181,0.008684,0.009130
1771002466.617451,32.942330,-1.316083,-0.995420,1.118767,0.015234,0.009444,0.010882
1771002466.622440,32.947319,-1.361785,-1.079745,1.083391,0.016274,0.008564,0.009679
1771002466.627412,32.952291,-1.379424,-1.047268,1.101926,0.015852,0.009077,0.009807
1771002466.632388,32.957267,-1.378255,-0.991357,1.078228,0.015325,0.009525,0.009181
1771002466.637373,32.962252,-1.352935,-0.997497,1.089526,0.015426,0.009714,0.010092
1771002466.642369,32.967248,-1.854418,-1.801141,0.869257,0.016046,-0.009565,-0.002605
1771002466.647343,32.972221,-1.369523,-1.059164,1.085915,0.015738,0.008598,0.009982
1771002466.652326,32.977204,-1.466925,-1.199542,1.035073,0.016702,0.007444,0.009059
1771002466.657309,32.982188,-1.402419,-1.035277,1.093519,0.015621,0.008650,0.008911
1771002466.662283,32.987162,-1.397314,-1.048016,1.108700,0.015687,0.008461,0.009543
1771002466.667251,32.992130,-1.866275,-1.920227,0.824990,0.017560,-0.009703,-0.002991
1771002466.672252,32.997131,-1.387450,-1.062206,1.081353,0.015832,0.008590,0.009317
1771002466.677217,33.002095,-1.421288,-1.033215,1.072849,0.015494,0.008792,0.009367
1771002466.682208,33.007087,-1.379777,-1.014620,1.105361,0.015161,0.008214,0.009752
1771002466.687182,33.012061,-1.383350,-1.029262,1.052117,0.015547,0.009038,0.009831
1771002466.692169,33.017048,-1.346727,-1.025826,1.102170,0.015586,0.009073,0.010544
1771002466.697146,33.022025,-1.390356,-1.078742,1.057695,0.016100,0.008868,0.009713
1771002466.702128,33.027007,-1.376111,-0.989058,1.083928,0.015094,0.009257,0.009823
1771002466.707116,33.031995,-1.430308,-1.000016,1.102509,0.015427,0.008743,0.008635
1771002466.712098,33.036977,-1.378711,-1.077846,1.050240,0.015944,0.008428,0.009415
1771002466.717071,33.041949,-1.365262,-0.975422,1.094352,0.014944,0.009271,0.009452
1771002466.722053,33.046932,-1.378197,-1.013836,1.096513,0.015494,0.008899,0.009568
1771002466.727034,33.051913,-1.906009,-1.945234,0.824478,0.017646,-0.010538,-0.003261
1771002466.732019,33.056898,-1.843418,-1.910628,0.811173,0.017288,-0.009409,-0.002902
1771002466.737003,33.061882,-1.356789,-1.053190,1.104723,0.015788,0.008677,0.010134
1771002466.741981,33.066860,-1.885661,-1.961853,0.807270,0.017835,-0.009932,-0.003363
1771002466.747555,33.072434,-1.881951,-1.972322,0.795041,0.017898,-0.010054,-0.003244
1771002466.751957,33.076836,-1.392482,-1.085961,1.084989,0.015873,0.008293,0.009634
1771002466.756933,33.081812,-1.416676,-1.115614,1.044563,0.016218,0.008481,0.009052
1771002466.761930,33.086809,-1.436571,-1.097922,1.083202,0.016088,0.008172,0.009340
1771002466.766912,33.091791,-1.870915,-1.925442,0.823725,0.017470,-0.009922,-0.002999
1771002466.772051,33.096930,-1.848155,-1.868222,0.806255,0.016796,-0.009527,-0.002825
1771002466.776857,33.101736,-1.384073,-0.951615,1.129657,0.014571,0.009389,0.009737
1771002466.781847,33.106726,-1.904565,-2.113826,0.769351,0.019750,-0.010771,-0.003596
1771002466.786916,33.111795,-1.910815,-2.026071,0.817839,0.018398,-0.011015,-0.003399
1771002466.791875,33.116753,-1.433656,-1.103070,1.049748,0.016176,0.008418,0.009293
1771002466.796855,33.121734,-2.411834,-0.608854,0.028998,-0.000883,-0.004857,-0.005537
1771002466.801764,33.126643,0.730390,-0.439093,-0.888306,0.000397,0.002374,-0.003168
1771002466.806759,33.131638,0.878941,-0.559084,-0.925538,0.001510,0.001791,-0.003426
1771002466.811726,33.136605,0.870137,-0.549173,-0.868047,0.001683,0.001963,-0.003068
1771002466.816742,33.141621,0.847044,-0.528559,-0.927342,0.001853,0.002170,-0.003362
1771002466.821702,33.146581,0.865563,-0.415453,-0.863624,0.000780,0.002456,-0.003184
1771002466.826676,33.151554,0.866629,-0.517285,-0.954505,0.001861,0.002456,-0.003061
1771002466.831653,33.156532,0.865517,-0.507154,-0.910714,0.001467,0.002349,-0.003111
1771002466.836638,33.161517,0.836228,-0.268568,-0.734684,-0.000665,0.002351,-0.003302
1771002466.841614,33.166493,-1.654521,1.818526,1.312284,-0.000510,0.006214,0.004636
1771002466.846754,33.171633,-1.346223,-1.047338,1.088704,0.015721,0.008879,0.009951
1771002466.851756,33.176635,-1.895587,-2.061082,0.748490,0.019041,-0.010160,-0.003875
1771002466.856629,33.181508,-1.902796,-2.046409,0.786136,0.019072,-0.010661,-0.003374
1771002466.861554,33.186432,-1.408893,-1.100185,1.065249,0.016225,0.008486,0.009055
1771002466.866545,33.191424,-1.404029,-1.010305,1.073352,0.015211,0.008797,0.009749
1771002466.871509,33.196388,-1.399161,-1.006106,1.115084,0.015249,0.009210,0.009676
1771002466.876503,33.201382,-1.376952,-1.061287,1.045714,0.015756,0.008759,0.010030
1771002466.881927,33.206805,-1.362293,-0.996054,1.083942,0.015414,0.008976,0.009871
1771002466.886524,33.211403,-1.411132,-1.034918,1.064975,0.015597,0.008941,0.009260
1771002466.891433,33.216311,-1.890493,-1.957106,0.808218,0.017605,-0.010388,-0.002845
1771002466.896443,33.221321,-1.846383,-1.912368,0.819511,0.017574,-0.009866,-0.003045
1771002466.901442,33.226321,-1.908626,-1.954144,0.820280,0.017783,-0.010074,-0.003326
1771002466.906390,33.231269,-1.109118,-1.000991,0.475426,0.006614,0.016282,0.010964
1771002466.911378,33.236257,-1.872699,-2.032205,0.796216,0.018638,-0.010461,-0.002983
1771002466.916387,33.241266,-1.399860,-1.014802,1.111975,0.015194,0.008064,0.009401
1771002466.921334,33.246213,-1.362307,-1.016765,1.078204,0.015348,0.008948,0.010001
1771002466.926388,33.251266,-1.427344,-1.045332,1.096754,0.015453,0.008903,0.009138
1771002466.931289,33.256168,-1.894743,-2.013763,0.822080,0.018495,-0.010642,-0.003209
1771002466.936357,33.261236,-1.842476,-1.930919,0.832225,0.017510,-0.009653,-0.002659
1771002466.941253,33.266132,-1.925291,-2.004493,0.807663,0.018154,-0.010374,-0.003692
1771002466.946246,33.271125,-1.857708,-1.786372,0.870512,0.015715,-0.009550,-0.002597
1771002466.951222,33.276101,-1.380252,-0.926192,1.082136,0.014693,0.009561,0.009690
1771002466.956192,33.281071,-1.382969,-0.965071,1.106487,0.014767,0.009238,0.009918
1771002466.961188,33.286067,-1.384101,-1.032537,1.061845,0.015631,0.008626,0.009767
1771002466.966169,33.291048,-1.859282,-1.852750,0.845870,0.016784,-0.009386,-0.003139
1771002466.971157,33.296035,-1.906675,-2.054319,0.795829,0.019035,-0.009965,-0.002857
1771002466.976128,33.301007,-1.867561,-1.867558,0.821677,0.016839,-0.009704,-0.003175
1771002466.981118,33.305997,-1.891380,-1.996597,0.802040,0.018138,-0.010496,-0.003111
1771002466.986120,33.310999,-1.849890,-1.846714,0.855900,0.016548,-0.009938,-0.002253
1771002466.991127,33.316005,-1.391683,-1.061540,1.117354,0.015924,0.008750,0.009685
1771002466.996064,33.320943,-1.885915,-1.886468,0.864748,0.016840,-0.009762,-0.002645
1771002467.001039,33.325918,-1.881170,-2.099693,0.782820,0.019453,-0.010076,-0.002291
1771002467.006027,33.330905,-1.390210,-1.033794,1.058032,0.015865,0.009451,0.010069
1771002467.011016,33.335894,-1.897261,-2.107819,0.742977,0.019675,-0.010399,-0.003668
1771002467.015966,33.340845,-1.943560,-2.042337,0.785669,0.018717,-0.010428,-0.003971
1771002467.020950,33.345829,-1.405278,-1.061127,1.064018,0.015917,0.008838,0.009318
1771002467.025953,33.350832,-1.415529,-1.077344,1.077185,0.015990,0.008453,0.009464
1771002467.030926,33.355805,-1.903039,-2.014925,0.770631,0.018597,-0.010494,-0.003647
1771002467.035902,33.360780,-1.892295,-1.990750,0.820977,0.018006,-0.010212,-0.003283
1771002467.040900,33.365779,-1.907097,-2.053128,0.781575,0.018893,-0.010176,-0.003512
1771002467.045867,33.370746,-1.898174,-2.044468,0.793771,0.018612,-0.010524,-0.003107
1771002467.050856,33.375735,-1.900482,-2.079088,0.804690,0.019074,-0.010132,-0.003462
1771002467.055844,33.380722,-1.880352,-1.959333,0.809364,0.018055,-0.010292,-0.003221
1771002467.060826,33.385705,-1.883081,-1.973551,0.827791,0.017958,-0.010550,-0.003130
1771002467.065797,33.390676,-1.904426,-1.990516,0.789384,0.017937,-0.010277,-0.003268
1771002467.070784,33.395663,-1.382763,-1.041143,1.110638,0.015765,0.008661,0.009756
1771002467.075767,33.400646,-1.893544,-1.873094,0.862489,0.016588,-0.010001,-0.002572
1771002467.080771,33.405650,-1.869537,-1.950132,0.806063,0.017592,-0.009826,-0.002946
1771002467.085730,33.410609,-1.871375,-2.085328,0.774653,0.019545,-0.010335,-0.003141
1771002467.090709,33.415587,-1.359475,-1.072809,1.091769,0.015836,0.008523,0.009775
1771002467.095724,33.420603,-1.373944,-0.315695,0.449368,0.001680,-0.006482,-0.001306
1771002467.100668,33.425547,0.855161,-0.503654,-0.839497,0.001434,0.001791,-0.002997
1771002467.105656,33.430535,0.874617,-0.500780,-0.894654,0.001817,0.002202,-0.002874
1771002467.110638,33.435517,0.852300,-0.616559,-0.903454,0.001752,0.001219,-0.003312
1771002467.115618,33.440496,-0.833488,-0.733774,-0.391687,0.001027,0.001225,-0.002717
1771002467.120598,33.445477,-1.390672,-1.002532,1.111362,0.015360,0.009336,0.009941
1771002467.125575,33.450453,-1.826134,-1.882039,0.842005,0.017118,-0.009326,-0.002744
1771002467.130572,33.455451,-1.924926,-1.985963,0.851115,0.017950,-0.010371,-0.003557
1771002467.135536,33.460414,-1.393188,-1.127524,1.138847,0.016131,0.007824,0.009587
1771002467.141296,33.466175,-1.919464,-2.083951,0.779991,0.019522,-0.010467,-0.003951
1771002467.145514,33.470393,-1.892822,-2.049148,0.778220,0.018887,-0.010252,-0.003112
1771002467.150518,33.475397,-1.400525,-1.021806,1.112210,0.015272,0.008212,0.009601
1771002467.155464,33.480343,-1.905452,-2.023960,0.804661,0.018438,-0.010593,-0.003249
1771002467.160495,33.485373,-1.402063,-1.073815,1.096672,0.015762,0.008316,0.009318
1771002467.165428,33.490307,-1.407648,-1.114368,1.064022,0.016307,0.007926,0.009616
1771002467.170441,33.495320,-1.377911,-1.017487,1.089823,0.015721,0.009531,0.009986
1771002467.175406,33.500284,-1.367581,-1.051246,1.116835,0.015991,0.008753,0.009428
1771002467.180453,33.505332,-1.866800,-1.920332,0.848296,0.017411,-0.009908,-0.002905
1771002467.185354,33.510233,-1.820552,-1.950621,0.829703,0.017992,-0.009508,-0.002291
1771002467.190356,33.515235,-1.434392,-1.112606,1.043657,0.016169,0.008309,0.009410
1771002467.195332,33.520210,-1.935411,-1.976748,0.808953,0.017864,-0.010119,-0.003517
1771002467.200347,33.525226,-1.921138,-2.086165,0.779240,0.019141,-0.011076,-0.003244
1771002467.205303,33.530182,-1.430034,-1.020482,1.102313,0.015649,0.008986,0.009026
1771002467.210276,33.535154,-1.370893,-1.033483,1.096301,0.015624,0.008942,0.009535
1771002467.215255,33.540134,-1.416986,-1.022631,1.074633,0.015275,0.009025,0.009503
1771002467.220296,33.545175,-1.380743,-1.012161,1.116005,0.014963,0.008453,0.009545
1771002467.225217,33.550095,-1.893184,-2.092383,0.764423,0.019446,-0.010788,-0.003234
1771002467.230210,33.555089,-1.868896,-2.032522,0.776200,0.018698,-0.010315,-0.003205
1771002467.235181,33.560060,-1.427079,-1.053542,1.073824,0.015723,0.008606,0.009585
1771002467.240165,33.565043,-1.336031,-1.075189,1.068663,0.015914,0.008868,0.010001
1771002467.245148,33.570026,-1.350894,-1.014107,1.058383,0.015419,0.009268,0.010131
1771002467.250123,33.575001,-1.430480,-1.100935,1.059164,0.016250,0.008493,0.009358
1771002467.255108,33.579987,-1.479826,-1.097107,1.042943,0.016055,0.008359,0.008860
1771002467.260090,33.584969,-1.835522,-1.897868,0.821923,0.017210,-0.009600,-0.003036
1771002467.265071,33.589950,-1.893931,-1.991835,0.797310,0.018052,-0.010191,-0.003224
1771002467.270059,33.594938,-1.365857,-0.959645,1.089744,0.014899,0.009151,0.010067
1771002467.275042,33.599920,-1.367793,-0.958220,1.068564,0.015095,0.010219,0.009789
1771002467.280024,33.604903,-1.863429,-1.885250,0.821581,0.017097,-0.009829,-0.003132
1771002467.285005,33.609884,-1.872599,-1.912186,0.812654,0.017193,-0.009927,-0.002369
1771002467.290007,33.614886,-1.895949,-1.980732,0.800113,0.017931,-0.010676,-0.003191
1771002467.294952,33.619831,-1.355971,-1.009917,1.070610,0.015447,0.008874,0.009675
1771002467.299935,33.624814,-1.384939,-0.942097,1.088108,0.014642,0.008951,0.009580
1771002467.304940,33.629819,-1.886342,-1.989440,0.792712,0.018114,-0.010053,-0.003359
1771002467.309924,33.634803,-1.879750,-1.902107,0.807207,0.017131,-0.009947,-0.002953
1771002467.314906,33.639785,-1.384292,-1.056826,1.085315,0.015706,0.009049,0.010151
1771002467.319877,33.644756,-1.370335,-1.074602,1.066007,0.015714,0.008456,0.009707
1771002467.324838,33.649717,-1.878668,-2.075937,0.779551,0.019415,-0.010521,-0.003162
1771002467.329827,33.654706,-1.847528,-1.988819,0.787097,0.018059,-0.010617,-0.003151
1771002467.334803,33.659682,-1.393709,-0.451145,1.525578,0.004328,0.000234,0.011636
1771002467.339785,33.664664,-1.355543,-1.041119,1.084715,0.015628,0.008841,0.009936
1771002467.344784,33.669663,-1.875316,-1.888084,0.799704,0.017011,-0.009841,-0.003224
1771002467.349762,33.674641,-1.867754,-1.870220,0.823668,0.016901,-0.009721,-0.003019
1771002467.354736,33.679615,-1.419425,-0.998423,1.074636,0.015507,0.008635,0.008953
1771002467.359725,33.684603,-1.875334,-2.039019,0.801634,0.018768,-0.010657,-0.002896
1771002467.364708,33.689587,-1.401011,-1.110475,1.047578,0.016263,0.007982,0.009319
1771002467.369705,33.694584,-1.870221,-1.929810,0.814856,0.017547,-0.009722,-0.002479
1771002467.374663,33.699542,-1.909240,-2.013650,0.783111,0.018405,-0.009798,-0.003173
1771002467.379657,33.704536,-1.376456,-0.989381,1.100283,0.015116,0.008796,0.009707
1771002467.384653,33.709532,-1.386063,-1.028352,1.102827,0.015585,0.009160,0.009554
1771002467.389617,33.714496,-1.409775,-1.108256,1.070729,0.016171,0.008186,0.009444
1771002467.394600,33.719479,-1.110281,-0.840015,0.517802,0.005213,0.017260,0.010938
1771002467.399590,33.724469,-1.876169,-1.970546,0.814359,0.018028,-0.010072,-0.003308
1771002467.404559,33.729437,-1.353543,-0.984765,1.096597,0.015087,0.009563,0.009779
1771002467.409541,33.734420,1.021015,-0.652672,1.140661,0.016538,0.019858,0.013711
1771002467.414531,33.739410,0.915834,-0.411608,-0.859651,0.000548,0.002457,-0.002738
1771002467.419501,33.744380,0.860715,-0.177642,-0.862935,-0.001214,0.002504,-0.004240
1771002467.424491,33.749369,0.870392,-0.536448,-0.885821,0.001392,0.001880,-0.003029
1771002467.429469,33.754347,0.872020,-0.465881,-0.889505,0.001050,0.002140,-0.003215
1771002467.434455,33.759333,0.862896,-0.454582,-0.889319,0.001324,0.002339,-0.003035
1771002467.439456,33.764335,0.889293,-0.480897,-0.903983,0.001444,0.002431,-0.003025
1771002467.444437,33.769316,0.854872,-0.450537,-0.867208,0.001151,0.002310,-0.003111
1771002467.449393,33.774271,0.859488,-0.505520,-0.900330,0.001662,0.002388,-0.002946
1771002467.454724,33.779602,0.887161,-0.449175,-0.893743,0.001321,0.002964,-0.002883
1771002467.459701,33.784580,0.844699,-0.784199,0.222507,0.011884,0.019614,0.009740
1771002467.464784,33.789663,-1.857868,-1.889689,0.810146,0.017154,-0.009423,-0.002867
1771002467.469635,33.794514,-1.872910,-1.925922,0.777184,0.017220,-0.009853,-0.003291
1771002467.474846,33.799724,-1.436459,-1.061479,1.095215,0.015862,0.008761,0.009308
1771002467.479275,33.804154,-1.815550,-1.872251,0.818766,0.016929,-0.009460,-0.002739
1771002467.484284,33.809163,-1.900891,-1.988514,0.786415,0.017975,-0.010252,-0.003817
1771002467.489288,33.814166,-1.844884,-1.937842,0.834448,0.017662,-0.010018,-0.002827
1771002467.494229,33.819108,-1.903758,-1.977905,0.793913,0.017862,-0.010296,-0.002935
1771002467.499220,33.824099,-1.381987,-1.085413,1.073997,0.015738,0.008566,0.009445
1771002467.504204,33.829082,-1.409683,-1.085843,1.099231,0.015931,0.008407,0.009567
1771002467.509168,33.834046,-1.874018,-1.924051,0.830630,0.017619,-0.009750,-0.002602
1771002467.514164,33.839043,-1.366900,-0.959360,1.082673,0.014961,0.009237,0.009742
1771002467.519153,33.844031,-1.876135,-2.043978,0.763862,0.018687,-0.010042,-0.003027
1771002467.524126,33.849005,-1.355955,-1.030330,1.084742,0.015590,0.009358,0.009554
1771002467.529120,33.853999,-1.828643,-1.907657,0.820203,0.017365,-0.009145,-0.002465
1771002467.534104,33.858983,-1.177608,-0.965168,0.446219,0.006415,0.016380,0.010504
1771002467.539081,33.863960,-1.395857,-1.050871,1.081725,0.015783,0.009089,0.009149
1771002467.544065,33.868943,-1.885405,-2.026936,0.768209,0.018577,-0.010082,-0.003150
1771002467.549025,33.873904,-1.375332,-1.095451,1.067834,0.016147,0.008502,0.009538
1771002467.554024,33.878902,-1.395166,-1.015412,1.110233,0.015536,0.009480,0.009084
1771002467.558994,33.883872,-1.362883,-0.926706,1.152418,0.014386,0.009652,0.009944
1771002467.563986,33.888865,-1.898713,-1.983089,0.798383,0.018183,-0.010219,-0.003547
1771002467.568966,33.893845,-1.831752,-1.857210,0.841810,0.016781,-0.009875,-0.002601
1771002467.573945,33.898824,-1.388379,-1.049112,1.103616,0.015662,0.008390,0.009643
1771002467.578936,33.903815,0.914218,-0.433256,-0.805544,0.001461,0.002480,-0.002735
1771002467.583918,33.908797,0.864287,-0.503027,-0.896675,0.001595,0.002232,-0.002942
1771002467.588887,33.913766,0.869162,-0.480216,-0.835981,0.001512,0.002289,-0.002905
1771002467.593935,33.918813,0.865809,-0.402180,-0.804469,0.000567,0.002287,-0.003224
1771002467.598852,33.923731,-1.903339,2.763473,1.044493,-0.017450,-0.005042,-0.004282
1771002467.603832,33.928710,-1.394205,-1.080014,1.085149,0.015986,0.008449,0.009926
1771002467.608812,33.933690,-1.367219,-0.962996,1.110280,0.014949,0.009339,0.010132
1771002467.613798,33.938677,-1.593597,-2.021258,0.376439,0.013767,-0.005216,-0.002586
1771002467.618780,33.943659,-1.892797,-2.006146,0.786901,0.018315,-0.010315,-0.003413
1771002467.623765,33.948644,-1.353349,-1.081207,1.055350,0.016114,0.008286,0.009854
1771002467.628753,33.953632,-1.917986,-2.022090,0.799303,0.018425,-0.010841,-0.003392
1771002467.633734,33.958613,-1.838974,-1.890079,0.802598,0.016999,-0.009573,-0.002954
1771002467.638715,33.963593,-1.887628,-1.881727,0.803980,0.016947,-0.009620,-0.002540
1771002467.643705,33.968583,-1.381157,-1.059344,1.069810,0.015692,0.008986,0.010216
1771002467.648677,33.973555,-1.916071,-2.121678,0.747853,0.019873,-0.010891,-0.003506
1771002467.653657,33.978536,-1.918090,-1.990477,0.800560,0.018070,-0.010445,-0.003395
1771002467.658623,33.983502,-1.369307,-1.002046,1.098104,0.015414,0.009383,0.009476
1771002467.663620,33.988499,-1.362392,-1.016969,1.102277,0.015558,0.009332,0.009749
1771002467.668592,33.993471,-1.428445,-1.097301,1.052561,0.016202,0.008363,0.009213
1771002467.673578,33.998456,-1.451124,-1.096854,1.049899,0.016042,0.008465,0.009331
1771002467.678584,34.003462,-1.887401,-1.936357,0.798675,0.017566,-0.010103,-0.003242
1771002467.683538,34.008417,-1.595892,-2.009127,0.343167,0.013813,-0.005032,-0.002692
1771002467.688519,34.013398,-1.375076,-0.981810,1.069095,0.015225,0.009728,0.009742
1771002467.693509,34.018388,-1.893979,-1.968497,0.790653,0.017914,-0.010358,-0.003210
1771002467.698507,34.023386,-1.405957,-1.094576,1.049047,0.015980,0.008489,0.009610
1771002467.704004,34.028883,-1.875144,-2.017694,0.794238,0.018343,-0.010759,-0.003315
1771002467.709042,34.033920,-1.408751,-0.969315,1.124791,0.014714,0.009320,0.009260
1771002467.713958,34.038836,-1.431459,-1.099518,1.065966,0.015996,0.008363,0.009292
1771002467.718935,34.043814,1.242104,-1.154515,-0.332695,0.017307,0.018322,0.009445
1771002467.723442,34.048320,0.866133,-0.470817,-0.869176,0.001180,0.002377,-0.003021
1771002467.728917,34.053796,0.896364,-0.395513,-0.803595,0.000967,0.002985,-0.002615
1771002467.733380,34.058258,0.856914,-0.496113,-0.887059,0.001614,0.002428,-0.003240
1771002467.738348,34.063227,0.854160,-0.486776,-0.837070,0.001415,0.002017,-0.002895
1771002467.743329,34.068208,0.871047,-0.399784,-0.833200,0.000559,0.002478,-0.003374
1771002467.748308,34.073187,0.842425,-0.385543,-0.805913,-0.000062,0.001215,-0.003738
1771002467.753290,34.078168,0.877924,-0.465519,-0.883026,0.001631,0.002550,-0.002800
1771002467.758273,34.083152,0.879215,-0.527004,-0.898909,0.001733,0.001954,-0.002950
1771002467.763249,34.088128,-1.346597,-1.124951,0.993538,0.015779,0.008171,0.008225
1771002467.768235,34.093114,-1.392397,-1.021001,1.072336,0.015264,0.009417,0.009938
1771002467.773230,34.098109,-1.879356,-1.961810,0.798756,0.017638,-0.010544,-0.003093
1771002467.778201,34.103080,-1.404201,-0.388328,1.543323,0.003680,0.000674,0.011703
1771002467.783182,34.108061,-1.439832,-1.091603,1.045906,0.016032,0.008445,0.009576
1771002467.788160,34.113039,-1.411164,-1.135661,1.046639,0.016355,0.007767,0.009359
1771002467.793141,34.118020,-1.864326,-1.982962,0.766917,0.018262,-0.009513,-0.002718
1771002467.798123,34.123001,-1.419116,-1.055802,1.066461,0.015732,0.008653,0.009288
1771002467.803107,34.127986,-1.348967,-1.039633,1.105824,0.015832,0.009136,0.010210
1771002467.808089,34.132967,-1.346321,-0.962903,1.088038,0.014794,0.009578,0.009694
1771002467.813079,34.137958,-1.895574,-2.058012,0.800630,0.019038,-0.010913,-0.003038
1771002467.818048,34.142926,-1.885827,-1.992262,0.771497,0.018377,-0.010093,-0.003211
1771002467.823023,34.147901,-1.388336,-0.993593,1.099831,0.015280,0.008922,0.009177
1771002467.828016,34.152894,-1.397864,-1.017495,1.075402,0.015604,0.009441,0.009570
1771002467.832997,34.157876,-1.356739,-1.003378,1.095272,0.015537,0.008721,0.009580
1771002467.837981,34.162860,-1.351925,-1.038864,1.098125,0.015672,0.008829,0.009938
1771002467.842968,34.167846,-1.365142,-1.055410,1.096237,0.015678,0.009036,0.010427
1771002467.847943,34.172822,-1.420893,-0.975347,1.119286,0.014886,0.009012,0.009467
1771002467.852920,34.177799,-1.365237,-0.945448,1.098803,0.014901,0.010003,0.009829
1771002467.857908,34.182787,-1.423730,-1.142463,1.042599,0.016437,0.008105,0.009440
1771002467.862886,34.187764,-1.861169,-1.925253,0.808575,0.017617,-0.009741,-0.002942
1771002467.867867,34.192746,-1.419585,-1.074256,1.055520,0.016032,0.008873,0.009554
1771002467.873328,34.198207,-1.406647,-1.123469,1.050050,0.016085,0.008303,0.010093
1771002467.877943,34.202821,-1.385692,-1.119263,1.101015,0.016351,0.008224,0.009308
1771002467.882812,34.207691,-1.384963,-1.099540,1.050633,0.016230,0.008540,0.009562
1771002467.887817,34.212696,-1.841576,-1.990332,0.794324,0.018353,-0.010442,-0.002854
1771002467.892788,34.217667,-1.373993,-1.086275,1.082520,0.015874,0.008748,0.010064
1771002467.897773,34.222652,-1.884491,-2.076685,0.772545,0.019244,-0.010784,-0.003798
1771002467.903253,34.228132,-1.354684,-1.040486,1.089630,0.015417,0.008946,0.009838
1771002467.907726,34.232605,-1.870408,-1.909396,0.827120,0.017247,-0.009723,-0.002932
1771002467.912718,34.237597,-1.412725,-1.078856,1.101509,0.015903,0.008760,0.009354
1771002467.917688,34.242566,-1.394965,-1.104640,1.069458,0.016256,0.008210,0.009467
1771002467.922670,34.247548,-1.867863,-1.976866,0.812808,0.017994,-0.010350,-0.003031
1771002467.927646,34.252525,-1.851635,-1.872335,0.833607,0.016923,-0.009496,-0.002940
1771002467.932631,34.257510,-1.442501,-1.098447,1.094414,0.016163,0.007818,0.009195
1771002467.937615,34.262494,-1.413713,-1.044188,1.099361,0.015808,0.009194,0.009789
1771002467.942604,34.267483,-1.371371,-0.988817,1.111329,0.015346,0.009745,0.009665
1771002467.947578,34.272457,-1.920087,-2.158776,0.751408,0.020058,-0.010831,-0.003345
1771002467.952562,34.277440,-1.858308,-1.945891,0.813502,0.017747,-0.009983,-0.002864
1771002467.957999,34.282877,-1.893882,-2.115410,0.772700,0.019913,-0.010029,-0.003135
1771002467.962656,34.287535,-1.371139,-0.992541,1.082647,0.015078,0.009224,0.009570
1771002467.967970,34.292849,-1.867876,-1.880654,0.846817,0.016840,-0.009882,-0.002627
1771002467.972466,34.297344,-1.873177,-2.043746,0.799320,0.018849,-0.010471,-0.002783
1771002467.977469,34.302348,-1.399161,-1.092666,1.086281,0.016266,0.008307,0.009096
1771002467.982449,34.307328,-1.889417,-2.054582,0.769619,0.018838,-0.010532,-0.003039
1771002467.987429,34.312307,-1.107284,-0.878627,0.513071,0.005787,0.017795,0.011309
1771002467.992406,34.317285,-1.413436,-0.992652,1.102223,0.015192,0.009306,0.009571
1771002467.997400,34.322278,-1.848095,-1.978149,0.812381,0.018275,-0.009994,-0.002866
1771002468.002378,34.327257,-1.854451,-1.940655,0.832171,0.017755,-0.010047,-0.002874
1771002468.007354,34.332232,-1.893504,-2.024601,0.765540,0.018636,-0.009867,-0.003582
1771002468.012354,34.337233,-1.900268,-2.064341,0.781732,0.018775,-0.010869,-0.003118
1771002468.017323,34.342202,-1.392753,-1.004029,1.103782,0.015413,0.009115,0.009591
1771002468.022313,34.347192,-1.857562,-2.008743,0.783049,0.018574,-0.009365,-0.002717
1771002468.027296,34.352175,0.948317,0.428514,-0.099917,-0.010024,0.001999,-0.002958
1771002468.032308,34.357186,0.689864,-0.573096,-1.064772,0.001529,0.002751,-0.002782
1771002468.037255,34.362134,0.874696,-0.377444,-0.818859,0.000220,0.002657,-0.002768
1771002468.042234,34.367112,0.084352,-0.578384,-0.822263,0.004186,-0.005641,-0.000742
1771002468.047212,34.372091,0.850045,-0.572255,-0.887231,0.002002,0.001992,-0.002934
1771002468.052192,34.377071,1.155702,-0.201685,-0.679230,-0.003838,0.016563,0.006969
1771002468.057177,34.382055,-1.188910,-1.055074,0.413573,0.006912,0.015331,0.009956
1771002468.062155,34.387034,0.816379,0.894023,0.594526,0.008492,0.013804,0.014963
1771002468.067136,34.392015,0.841219,-0.553598,-0.863752,0.001420,0.001381,-0.003523
1771002468.072116,34.396995,0.889677,-0.538211,-0.899812,0.001793,0.002661,-0.002565
1771002468.077098,34.401976,0.869616,-0.538116,-0.934530,0.002211,0.002583,-0.003159
1771002468.082081,34.406960,0.864229,-0.404199,-0.872540,0.000915,0.003117,-0.003108
1771002468.087061,34.411940,0.870382,-0.433066,-0.866681,0.001109,0.002185,-0.002974
1771002468.092042,34.416921,0.851348,-0.410830,-0.846565,0.000572,0.002408,-0.002921
1771002468.097023,34.421902,0.845520,-0.525972,-0.900876,0.001460,0.001894,-0.003551
1771002468.102005,34.426884,0.806810,-0.632070,-0.878314,0.002455,0.001664,-0.003341
1771002468.106989,34.431868,0.880443,-0.438710,-0.854833,0.000982,0.002558,-0.002742
1771002468.111978,34.436857,0.884430,-0.454164,-0.914021,0.001443,0.003061,-0.002812
1771002468.116952,34.441830,0.806758,-0.564398,-0.868299,0.002057,0.001772,-0.003392
1771002468.121935,34.446814,0.876334,-0.420093,-0.830740,0.000582,0.002528,-0.002921
1771002468.126917,34.451796,0.831652,-0.537000,-0.897295,0.001579,0.001955,-0.003060
1771002468.131892,34.456771,-1.428073,-1.072036,1.077598,0.016077,0.008678,0.009383
1771002468.136889,34.461768,-1.896160,-2.024823,0.793448,0.018453,-0.010400,-0.004107
1771002468.141860,34.466739,-1.852157,-1.951919,0.819024,0.017850,-0.010201,-0.003362
1771002468.146844,34.471722,-1.374301,-0.999873,1.122317,0.014967,0.008534,0.009524
1771002468.151823,34.476702,-1.886525,-1.918970,0.825362,0.017307,-0.010130,-0.003342
1771002468.156811,34.481690,-1.872429,-1.860821,0.855730,0.016751,-0.009498,-0.002861
1771002468.161794,34.486673,-1.408849,-0.958815,1.087698,0.014823,0.009074,0.009022
1771002468.166772,34.491651,-1.425675,-1.031103,1.085865,0.015603,0.008725,0.009211
1771002468.171753,34.496632,-1.920123,-2.090197,0.798425,0.019141,-0.010624,-0.003491
1771002468.176748,34.501627,-1.406692,-1.013855,1.072468,0.015459,0.009124,0.009279
1771002468.181722,34.506600,-1.389424,-1.053544,1.087763,0.015716,0.008900,0.010062
1771002468.186683,34.511562,-1.466304,-1.112665,1.084729,0.015861,0.007756,0.008842
1771002468.191676,34.516554,-1.445712,-1.111221,1.039971,0.016351,0.008266,0.009109
1771002468.196656,34.521535,-1.861212,-1.943449,0.807720,0.017695,-0.009770,-0.002639
1771002468.201640,34.526519,-1.451199,-1.073394,1.011222,0.016076,0.008810,0.009122
1771002468.206634,34.531513,-1.408568,-0.987546,1.093309,0.015432,0.008916,0.009272
1771002468.211625,34.536504,-1.865890,-1.915826,0.813107,0.017014,-0.009683,-0.003111
1771002468.216594,34.541473,-1.417273,-1.082156,1.067471,0.015999,0.008369,0.009335
1771002468.221572,34.546451,-1.400851,-1.151958,1.071890,0.016637,0.007886,0.009600
1771002468.226543,34.551422,-1.424705,-1.194892,1.045852,0.016946,0.007388,0.009377
1771002468.231536,34.556415,-1.398050,-1.067823,1.060660,0.015850,0.008800,0.009934
1771002468.236531,34.561410,-1.429816,-1.128392,1.077226,0.016194,0.008312,0.009495
1771002468.241515,34.566394,-1.892868,-2.014230,0.799622,0.018360,-0.010257,-0.003133
1771002468.246518,34.571397,-1.392347,-1.035779,1.094980,0.015477,0.009058,0.009756
1771002468.251472,34.576350,-1.443802,-1.103396,1.114158,0.015875,0.008489,0.009354
1771002468.256457,34.581335,-1.394832,-1.051168,1.101926,0.015628,0.008751,0.009597
1771002468.261424,34.586303,-1.864075,-1.903041,0.848650,0.017083,-0.010116,-0.002656
1771002468.266423,34.591302,-1.395170,-1.059221,1.093486,0.015728,0.008559,0.009612
1771002468.271390,34.596269,-1.367867,-0.957322,1.092084,0.015036,0.009646,0.009358
1771002468.276372,34.601251,-1.413896,-1.136111,1.055125,0.016696,0.008052,0.009807
1771002468.281371,34.606250,-1.397180,-1.168700,1.072678,0.016462,0.007482,0.009396
1771002468.286339,34.611217,-1.869271,-1.891616,0.808049,0.017042,-0.009779,-0.003344
1771002468.291319,34.616198,-1.372076,-1.003639,1.098539,0.015347,0.009236,0.009586
1771002468.296301,34.621180,-1.128038,-0.928118,0.480913,0.006019,0.016911,0.010977
1771002468.301279,34.626158,-1.892113,-2.019005,0.802690,0.018432,-0.010409,-0.003224
1771002468.306265,34.631143,-1.915933,-2.011540,0.804622,0.018412,-0.010507,-0.003783
1771002468.311242,34.636121,-1.408071,-1.122955,1.076190,0.016163,0.007248,0.009815
1771002468.316224,34.641103,-1.904337,-1.984697,0.793427,0.018098,-0.010405,-0.003318
1771002468.321206,34.646085,-1.390320,-1.003304,1.106563,0.015259,0.009284,0.009690
1771002468.326189,34.651067,-1.371210,-1.007413,1.125815,0.015317,0.008937,0.009394
1771002468.331171,34.656049,-1.204746,-0.126604,0.803174,-0.001170,0.013238,0.006379
1771002468.336259,34.661137,-1.687800,-1.544558,0.202475,0.012732,0.001061,-0.004286
1771002468.341135,34.666013,-1.387289,-0.980171,1.106567,0.014628,0.008736,0.009184
1771002468.346123,34.671001,-1.898207,0.406206,0.715531,-0.006529,-0.006374,-0.007838
1771002468.351119,34.675998,0.888188,-0.422267,-0.854434,0.000709,0.002617,-0.002818
1771002468.356084,34.680962,0.882755,-0.369983,-0.833315,0.000776,0.002916,-0.002978
1771002468.361062,34.685941,0.816297,-0.392320,-0.834208,0.000521,0.002537,-0.003407
1771002468.366042,34.690921,-0.160338,0.251317,-0.338407,-0.011331,0.002560,-0.008232
1771002468.371026,34.695904,-1.461805,-0.487511,1.510345,0.004545,-0.000681,0.010856
1771002468.376006,34.700885,-1.885699,-1.858374,0.846204,0.016506,-0.009417,-0.002676
1771002468.380993,34.705872,-1.401011,-1.044145,1.102985,0.015557,0.008736,0.009920
1771002468.385969,34.710848,-1.386128,-1.002088,1.126884,0.015216,0.008607,0.009356
1771002468.390953,34.715832,-1.867180,-1.944511,0.830842,0.017582,-0.009702,-0.003326
1771002468.395933,34.720812,-1.402354,-1.082027,1.080070,0.016016,0.008482,0.009672
1771002468.400922,34.725801,-1.400222,-1.081256,1.086783,0.016004,0.008621,0.009613
1771002468.405902,34.730780,-1.851477,-1.887051,0.836754,0.016978,-0.009676,-0.002699
1771002468.410882,34.735761,-1.103184,-0.928587,0.499617,0.005924,0.017083,0.011707
1771002468.415863,34.740741,-1.373580,-1.002277,1.097360,0.015225,0.009390,0.009767
1771002468.420844,34.745723,-1.418261,-1.089714,1.115353,0.015757,0.008284,0.009245
1771002468.425827,34.750705,-1.897274,-1.873109,0.834909,0.016942,-0.009719,-0.003215
1771002468.430816,34.755695,-1.910343,-2.061733,0.771731,0.019139,-0.010596,-0.003757
1771002468.435792,34.760671,-1.396425,-1.009120,1.093484,0.015140,0.008957,0.009679
1771002468.440776,34.765655,-1.398502,-1.049351,1.087881,0.015712,0.009037,0.009336
1771002468.445758,34.770636,-1.877522,-1.923067,0.820906,0.017468,-0.009793,-0.003290
1771002468.450736,34.775615,-1.840220,-1.907001,0.835709,0.017372,-0.009876,-0.002662
1771002468.455732,34.780611,-1.400459,-1.128063,1.103673,0.016415,0.007734,0.009615
1771002468.460703,34.785582,-1.369157,-1.007162,1.090513,0.015441,0.009409,0.009669
1771002468.465684,34.790563,-1.854536,-1.892398,0.800561,0.017037,-0.009988,-0.003428
1771002468.470739,34.795617,-1.337772,-0.940421,1.138027,0.014861,0.009738,0.010408
1771002468.475660,34.800539,-1.373952,-1.062162,1.089920,0.015848,0.008864,0.010057
1771002468.480646,34.805524,-1.371224,-1.003644,1.079832,0.015106,0.009375,0.010274
1771002468.485610,34.810488,-1.869050,-1.962936,0.795735,0.017678,-0.010252,-0.002915
1771002468.490586,34.815464,-1.397304,-1.002598,1.118916,0.015402,0.009236,0.009954
1771002468.496042,34.820921,-1.399827,-1.032840,1.111897,0.015226,0.008524,0.009475
1771002468.501018,34.825897,-1.839502,-1.944431,0.815925,0.017860,-0.009695,-0.002696
1771002468.506194,34.831072,-1.850049,-1.886606,0.823462,0.016961,-0.009725,-0.002709
1771002468.510529,34.835407,-1.907375,-1.962652,0.810773,0.017782,-0.010124,-0.003265
1771002468.515506,34.840385,-1.835931,-1.936095,0.781280,0.017610,-0.009617,-0.002959
1771002468.520487,34.845366,-1.888448,-1.962860,0.814991,0.017884,-0.010231,-0.003460
1771002468.525866,34.850745,-1.414757,-1.099740,1.078496,0.016003,0.008289,0.009835
1771002468.530851,34.855730,-1.356841,-0.998796,1.111702,0.015296,0.009376,0.009672
1771002468.536093,34.860972,-1.370930,-1.028521,1.095635,0.015602,0.009123,0.010399
1771002468.540489,34.865368,-1.386616,-0.987640,1.074295,0.015461,0.009814,0.009315
1771002468.545440,34.870319,-1.379680,-0.962805,1.126479,0.015123,0.009005,0.009244
1771002468.550944,34.875823,-1.920810,-2.072380,0.760616,0.018940,-0.010822,-0.003651
1771002468.555371,34.880250,-1.416579,-1.088867,1.075187,0.015971,0.008378,0.009542
1771002468.560346,34.885225,-1.887516,-1.885904,0.833621,0.016910,-0.010339,-0.002855
1771002468.565332,34.890211,-1.411057,-1.072104,1.086505,0.015834,0.008771,0.009575
1771002468.570300,34.895179,-1.402801,-1.019918,1.067698,0.015546,0.009362,0.009660
1771002468.575297,34.900176,-1.281351,0.773639,1.279046,-0.011634,0.004337,0.007415
1771002468.580262,34.905140,0.861643,-0.405066,-0.833862,0.000651,0.002441,-0.003031
1771002468.585240,34.910119,0.848129,-0.486951,-0.893998,0.001758,0.002494,-0.002831
1771002468.590226,34.915104,0.870834,-0.445353,-0.859038,0.000646,0.001850,-0.003204
1771002468.595205,34.920084,-0.470544,-0.902976,-1.023691,-0.001157,0.003389,-0.007757
1771002468.600199,34.925078,-1.461585,-1.111863,1.048434,0.016137,0.007595,0.008798
1771002468.605184,34.930063,-1.382578,-1.032334,1.068406,0.015649,0.009354,0.009390
1771002468.610167,34.935046,-1.432290,-0.985753,1.083264,0.014874,0.008593,0.009324
1771002468.615137,34.940015,-1.407895,-1.094081,1.082595,0.015999,0.008084,0.009274
1771002468.620116,34.944995,-1.880496,-1.874543,0.815010,0.016974,-0.009833,-0.003258
1771002468.625106,34.949985,-1.375037,-0.986051,1.117224,0.015261,0.009488,0.009481
1771002468.630089,34.954968,-1.380464,-1.014251,1.098471,0.015220,0.009154,0.009671
1771002468.635059,34.959938,-1.848693,-1.887410,0.830477,0.017091,-0.009779,-0.002469
1771002468.640048,34.964927,-1.894108,0.067946,0.441551,-0.003349,-0.006840,-0.009284
1771002468.645032,34.969911,0.876527,-0.481926,-0.911241,0.001169,0.002123,-0.003099
1771002468.650008,34.974886,0.884299,-0.416940,-0.834725,0.000916,0.002537,-0.003042
1771002468.654981,34.979860,0.709925,-0.213556,-0.546309,-0.002128,0.002975,-0.004447
1771002468.659966,34.984845,-1.852551,-1.906932,0.812861,0.017142,-0.009820,-0.003203
1771002468.664956,34.989835,-1.918093,-2.043037,0.775342,0.018734,-0.010435,-0.003656
1771002468.669934,34.994812,-1.458877,-1.096740,1.037629,0.016128,0.008601,0.008995
1771002468.674919,34.999798,-1.426916,-1.093151,1.052633,0.016136,0.007731,0.009359
1771002468.679905,35.004783,-1.880902,-1.990228,0.795145,0.018139,-0.009916,-0.002901
1771002468.684873,35.009752,-1.364780,-1.128160,1.049925,0.016373,0.008435,0.009688
1771002468.689857,35.014736,-1.372010,-1.065494,1.107343,0.015710,0.008558,0.009833
1771002468.694837,35.019716,-1.344299,-0.991157,1.105885,0.014821,0.008347,0.009905
1771002468.699821,35.024699,-1.895315,-1.950830,0.790398,0.017628,-0.010160,-0.003465
1771002468.704803,35.029681,-1.432665,-1.196710,1.030655,0.016790,0.007167,0.009566
1771002468.709784,35.034662,-1.874281,-1.847107,0.830862,0.016607,-0.009719,-0.003106
1771002468.714770,35.039649,-1.400062,-0.961205,1.103474,0.015056,0.009056,0.009451
1771002468.719745,35.044624,-1.349855,-0.993926,1.085030,0.015226,0.009149,0.009526
1771002468.724725,35.049604,-1.634934,-2.098632,0.307218,0.014453,-0.005819,-0.003391
1771002468.729705,35.054583,-1.916723,-1.920083,0.804545,0.017351,-0.009854,-0.003009
1771002468.734694,35.059573,-1.385144,-0.938163,1.102119,0.014681,0.009422,0.009554
1771002468.739677,35.064556,-1.854574,-1.988827,0.801934,0.018006,-0.010018,-0.002846
1771002468.744663,35.069542,-1.382528,-1.018467,1.079791,0.015636,0.009090,0.009516
1771002468.749638,35.074517,-1.376863,-0.989866,1.066817,0.015275,0.009765,0.009912
1771002468.754640,35.079518,-1.421716,-1.039494,1.066033,0.015476,0.009232,0.009733
1771002468.759598,35.084477,-1.887812,-1.882389,0.801721,0.016679,-0.009676,-0.003898
1771002468.764576,35.089455,-1.349205,-1.022370,1.080896,0.015707,0.009222,0.010091
1771002468.769561,35.094440,-1.416678,-1.056325,1.080797,0.015456,0.008834,0.009712
1771002468.774544,35.099422,-1.892267,-2.081409,0.781816,0.019395,-0.010737,-0.003557
1771002468.779527,35.104406,-1.893287,-1.904617,0.812712,0.017264,-0.009764,-0.003529
1771002468.784501,35.109380,-1.911693,-1.967451,0.802738,0.017786,-0.010376,-0.003412
1771002468.790062,35.114941,-1.922635,-2.013318,0.792498,0.018424,-0.010536,-0.003771
1771002468.794489,35.119367,-1.916018,-2.066162,0.781822,0.019048,-0.010522,-0.003547
1771002468.799448,35.124327,-1.439881,-1.039618,1.079393,0.015428,0.008130,0.008997
1771002468.804433,35.129312,-1.898334,-1.933645,0.819972,0.017286,-0.010374,-0.003402
1771002468.809413,35.134292,-1.390076,-0.988770,1.099762,0.014975,0.009496,0.009766
1771002468.814394,35.139272,-1.938556,-2.106628,0.795677,0.019482,-0.010893,-0.003398
1771002468.819372,35.144250,-1.900625,-2.004392,0.820450,0.018116,-0.010389,-0.003645
1771002468.824356,35.149235,-1.368305,-1.025234,1.083942,0.015706,0.008948,0.009226
1771002468.829336,35.154214,-1.873144,-2.047602,0.801691,0.018917,-0.010671,-0.003529
1771002468.834318,35.159197,-1.871886,-1.989621,0.787271,0.018247,-0.010675,-0.003196
1771002468.839302,35.164181,-1.874533,-1.938620,0.787571,0.017959,-0.009516,-0.003625
1771002468.844294,35.169172,-1.387934,-0.999782,1.114612,0.015209,0.009238,0.009252
1771002468.849266,35.174144,-1.860810,-1.996934,0.789271,0.018480,-0.009533,-0.003106
1771002468.854287,35.179165,-1.871101,-1.983929,0.806820,0.018042,-0.010205,-0.003267
1771002468.859230,35.184109,-1.904733,-1.929501,0.819637,0.017447,-0.010211,-0.003386
1771002468.864211,35.189089,-1.908445,-1.913547,0.822861,0.017118,-0.009632,-0.003424
1771002468.869195,35.194073,-1.388005,-1.038216,1.087440,0.015421,0.009175,0.009343
1771002468.874188,35.199067,-1.391517,-0.994541,1.108540,0.015242,0.009040,0.009119
1771002468.879162,35.204041,-1.395367,-1.036132,1.123982,0.015706,0.009028,0.009550
1771002468.884139,35.209017,-1.354881,-1.001308,1.130385,0.015198,0.009138,0.009849
1771002468.889139,35.214017,-1.834933,-1.934850,0.829662,0.017605,-0.009970,-0.002874
1771002468.894142,35.219020,-1.843732,-1.895467,0.811912,0.017294,-0.009692,-0.003073
1771002468.899239,35.224118,-1.907040,-1.965902,0.779869,0.017930,-0.009700,-0.003245
1771002468.904071,35.228950,-1.376813,-1.051012,1.050187,0.015983,0.009002,0.009631
1771002468.909056,35.233935,-1.392600,-0.934163,1.099174,0.015080,0.009437,0.009200
1771002468.914049,35.238928,-1.910084,-1.947344,0.793362,0.017619,-0.010491,-0.002981
1771002468.919024,35.243902,-1.385385,-1.059700,1.102741,0.015935,0.008709,0.009835
1771002468.924001,35.248879,-1.883631,-1.966358,0.820423,0.017939,-0.009999,-0.003766
1771002468.928983,35.253862,-1.401473,-1.020192,1.083977,0.015101,0.008261,0.009172
1771002468.933966,35.258845,-1.933388,-2.060311,0.795055,0.018883,-0.010405,-0.003568
1771002468.938955,35.263834,-1.353152,-0.967537,1.124561,0.015053,0.009198,0.009763
1771002468.943930,35.268809,-1.399445,-1.035024,1.088536,0.015549,0.008770,0.009519
1771002468.948908,35.273787,1.009340,1.938327,-0.241284,-0.015646,0.007738,-0.013740
1771002468.953898,35.278777,0.888517,-0.408362,-0.831996,0.000733,0.002789,-0.002966
1771002468.958886,35.283764,0.861936,-0.440298,-0.851882,0.000967,0.002521,-0.003259
1771002468.963864,35.288743,0.880986,-0.450679,-0.873548,0.001116,0.002743,-0.002650
1771002468.968848,35.293727,0.871898,-0.494441,-0.891612,0.001343,0.002074,-0.003274
1771002468.973833,35.298711,0.852496,-0.538773,-0.886938,0.001948,0.002058,-0.003054
1771002468.978810,35.303688,0.901408,-0.390114,-0.838778,0.000513,0.002597,-0.002909
1771002468.983789,35.308667,0.845383,-0.558235,-0.897618,0.001905,0.001875,-0.002985
1771002468.988769,35.313648,0.102609,-1.461281,-1.175659,0.013243,-0.005700,0.001699
1771002468.993746,35.318625,-1.350302,-0.971687,1.058578,0.014787,0.009087,0.009456
1771002468.998726,35.323605,-1.870914,-1.985490,0.784433,0.018207,-0.010169,-0.002744
1771002469.003717,35.328595,-1.431533,-1.050565,1.091072,0.015286,0.008184,0.009298
1771002469.008699,35.333577,-1.888083,-1.930344,0.806528,0.017575,-0.010240,-0.003027
1771002469.013689,35.338568,-1.406489,-1.094443,1.061987,0.015993,0.008245,0.009163
1771002469.018663,35.343542,-1.390310,-1.080090,1.035233,0.016116,0.009033,0.009280
1771002469.023648,35.348526,-1.414560,-1.008150,1.049893,0.015282,0.009540,0.009242
1771002469.028626,35.353505,-1.412219,-0.966290,1.099855,0.014997,0.009301,0.009450
1771002469.033597,35.358476,-1.892246,-1.992910,0.805902,0.018157,-0.009918,-0.003272
1771002469.038577,35.363456,-1.863120,-1.932117,0.793368,0.017444,-0.009843,-0.002849
1771002469.043569,35.368448,-1.348218,-0.931240,1.092423,0.014587,0.009641,0.009995
1771002469.048545,35.373424,-1.870551,-1.899912,0.813953,0.017247,-0.009557,-0.003083
1771002469.053527,35.378406,-1.860939,-1.926892,0.804451,0.017487,-0.009775,-0.003217
1771002469.058528,35.383406,-1.368544,-0.903065,1.112572,0.014417,0.009943,0.010006
1771002469.063489,35.388368,-1.413564,-1.055693,1.076963,0.015713,0.008916,0.009539
1771002469.068474,35.393352,-1.395882,-0.936264,1.121474,0.014405,0.009185,0.009568
1771002469.073453,35.398332,-1.873353,-1.924242,0.805129,0.017429,-0.010086,-0.003037
1771002469.078435,35.403314,-1.438424,-1.156294,1.043633,0.016599,0.007963,0.009125
1771002469.083415,35.408293,-1.882877,-1.982359,0.808746,0.018108,-0.010340,-0.003011
1771002469.088398,35.413276,-1.847551,-1.917785,0.785990,0.017332,-0.009928,-0.003320
1771002469.093377,35.418256,-1.387713,-1.040125,1.136720,0.015271,0.008077,0.009281
1771002469.098355,35.423234,-1.365632,-0.986728,1.109563,0.014938,0.008900,0.009640
1771002469.103342,35.428221,-1.410577,-1.099913,1.055408,0.016033,0.008510,0.009516
1771002469.108338,35.433217,-1.416866,-1.067711,1.076712,0.015930,0.008342,0.009119
1771002469.113306,35.438185,-1.874173,-1.911139,0.831954,0.017035,-0.009536,-0.003209
1771002469.118284,35.443163,-1.383675,-0.973299,1.120120,0.014946,0.009091,0.009719
1771002469.123265,35.448144,-1.862849,-1.937130,0.801692,0.017657,-0.010500,-0.003169
1771002469.128250,35.453129,-1.372313,-1.022563,1.102292,0.015526,0.008651,0.009675
1771002469.133233,35.458112,-1.415175,-1.052171,1.091465,0.015678,0.008598,0.009473
1771002469.138217,35.463095,-1.458401,-1.136782,1.065426,0.016343,0.008170,0.009318
1771002469.143204,35.468083,-1.388710,-1.083914,1.074168,0.016085,0.008686,0.009858
1771002469.148182,35.473061,-1.882981,-2.159121,0.747818,0.020338,-0.010617,-0.002939
1771002469.153161,35.478040,-1.892803,-1.966223,0.813614,0.017714,-0.010184,-0.003208
1771002469.158143,35.483022,-1.862037,-1.927595,0.839874,0.017573,-0.010383,-0.003300
1771002469.163126,35.488004,-1.872176,-1.876681,0.816580,0.017035,-0.009623,-0.003235
1771002469.168109,35.492987,-1.362869,-1.034910,1.086854,0.015707,0.009330,0.009806
1771002469.173092,35.497971,-1.376554,-1.010295,1.095745,0.015366,0.008816,0.009740
1771002469.178083,35.502962,-1.401951,-1.027926,1.060234,0.015611,0.008909,0.009314
1771002469.183055,35.507934,-1.683874,0.101216,0.218436,-0.005388,-0.005641,-0.012388
1771002469.188035,35.512913,0.809220,-0.575272,-0.847127,0.002055,0.001768,-0.003177
1771002469.193019,35.517898,0.915730,-0.380480,-0.886136,0.000801,0.003142,-0.002554
1771002469.198001,35.522880,0.913722,-0.397621,-0.840516,0.000278,0.002683,-0.002607
1771002469.202986,35.527864,-1.226282,-0.024375,-0.141566,-0.002887,-0.002201,-0.009470
1771002469.207963,35.532842,-1.389940,-1.084880,1.072146,0.016021,0.008680,0.009749
1771002469.212957,35.537836,-1.124795,-0.983927,0.439652,0.006141,0.016439,0.010551
1771002469.217924,35.542803,-1.404148,-0.971044,1.093773,0.014915,0.009277,0.009399
1771002469.222946,35.547825,-1.378618,-0.965229,1.102564,0.015106,0.009381,0.009558
1771002469.227889,35.552767,-1.434125,-1.064844,1.075124,0.015501,0.007683,0.008900
1771002469.232870,35.557749,-1.444787,-1.140242,1.029607,0.016093,0.007939,0.009327
1771002469.237858,35.562736,-1.896919,-1.989301,0.800856,0.018190,-0.010234,-0.003464
1771002469.242839,35.567718,-1.379522,-1.108648,1.049519,0.016216,0.008025,0.009801
1771002469.247820,35.572699,-1.422807,-1.058280,1.101511,0.015339,0.008510,0.009622
1771002469.252801,35.577679,-1.726985,-2.238750,0.615178,0.022571,-0.009875,-0.000994
1771002469.257782,35.582661,0.852647,-0.558996,-0.873740,0.001605,0.001633,-0.003253
1771002469.262761,35.587640,0.866858,-0.471039,-0.893356,0.001260,0.002385,-0.002983
1771002469.267745,35.592623,0.869298,-0.475292,-0.873832,0.001692,0.002510,-0.002817
1771002469.272724,35.597603,-1.298907,-0.467363,0.601901,0.001682,0.008160,0.009977
1771002469.277712,35.602590,-1.875086,-1.963001,0.805639,0.017915,-0.010384,-0.002768
1771002469.282689,35.607568,-1.891414,-2.075390,0.748948,0.019219,-0.010708,-0.003378
1771002469.287671,35.612550,-1.918900,-1.932131,0.804185,0.017390,-0.010194,-0.003493
1771002469.292656,35.617535,-1.876887,-1.883113,0.803025,0.016939,-0.009392,-0.003093
1771002469.297639,35.622518,-1.905670,-1.952736,0.798496,0.017758,-0.010577,-0.003750
1771002469.302659,35.627537,-1.375108,-0.942482,1.084724,0.014425,0.009842,0.009445
1771002469.307601,35.632480,-1.421134,-1.052880,1.022013,0.015673,0.009224,0.009343
1771002469.312588,35.637467,-1.393063,-0.974190,1.126176,0.014836,0.009311,0.009661
1771002469.317565,35.642444,-1.856583,-1.863687,0.832401,0.016577,-0.009885,-0.002881
1771002469.322612,35.647490,-1.422260,-1.081622,1.069894,0.015875,0.008534,0.009278
1771002469.327527,35.652405,-1.897836,-1.957783,0.779130,0.017671,-0.009573,-0.003097
1771002469.332513,35.657391,-1.389598,-0.445190,1.541865,0.004317,0.000561,0.011497
1771002469.337492,35.662371,-1.640847,-2.064552,0.316497,0.014105,-0.005383,-0.002744
1771002469.342499,35.667378,-1.882128,-1.932951,0.795648,0.017501,-0.009619,-0.002898
1771002469.347458,35.672337,-1.900863,-1.820574,0.826521,0.016056,-0.009715,-0.003046
1771002469.352440,35.677318,-1.885113,-1.965619,0.800581,0.017600,-0.010453,-0.002745
1771002469.357419,35.682298,-1.413640,-1.101673,1.058668,0.016008,0.008125,0.009328
1771002469.362400,35.687279,-1.899758,-1.974931,0.787678,0.018044,-0.009989,-0.003073
1771002469.367382,35.692261,-1.356643,-1.002185,1.092175,0.015433,0.009194,0.009890
1771002469.372370,35.697249,-1.418973,-1.156593,1.027923,0.016452,0.007996,0.009253
1771002469.377350,35.702229,-1.346205,-0.971609,1.112718,0.015068,0.009526,0.009679
1771002469.382331,35.707210,-1.870135,-2.039922,0.768651,0.018767,-0.010457,-0.003080
1771002469.387311,35.712189,-1.886923,-2.025000,0.770314,0.018759,-0.010307,-0.003327
1771002469.392292,35.717171,-1.916769,-1.973025,0.800291,0.018064,-0.010041,-0.003891
1771002469.397276,35.722155,-1.860668,-1.913158,0.806467,0.017110,-0.010118,-0.003111
1771002469.402254,35.727133,-1.869437,-2.014586,0.770436,0.018405,-0.010526,-0.003208
1771002469.407241,35.732120,-1.378581,-0.943385,1.106143,0.014544,0.009301,0.009889
1771002469.412228,35.737106,-1.347393,-0.967180,1.064277,0.015046,0.010107,0.009885
1771002469.417205,35.742083,-1.865403,-1.910370,0.832379,0.017208,-0.010223,-0.002652
1771002469.422186,35.747064,-1.417612,-0.972821,1.107494,0.014677,0.008862,0.009060
1771002469.427165,35.752043,-1.459079,-0.411564,1.545927,0.003973,0.000458,0.011270
1771002469.432140,35.757019,-1.898334,-1.962188,0.796655,0.017803,-0.010383,-0.003460
1771002469.437126,35.762005,-1.843677,-1.966015,0.790636,0.017992,-0.009806,-0.003132
1771002469.442109,35.766987,-1.149997,-0.920441,0.479011,0.005995,0.016576,0.010687
1771002469.447097,35.771976,-1.428313,-1.111067,1.043813,0.015998,0.007861,0.009009
1771002469.452075,35.776954,-1.895469,-2.092790,0.746339,0.019431,-0.010675,-0.003733
1771002469.457058,35.781936,-1.900838,-1.978165,0.811450,0.017860,-0.010208,-0.002890
1771002469.462039,35.786918,-1.882212,-1.877770,0.786862,0.017068,-0.009345,-0.003355
1771002469.467022,35.791901,-1.346305,-1.054716,1.103100,0.015803,0.008718,0.009641
1771002469.472001,35.796880,-1.423516,-1.024647,1.061979,0.015632,0.009189,0.009736
1771002469.477000,35.801878,-1.349650,-1.002607,1.085401,0.015422,0.009239,0.009530
1771002469.481941,35.806820,-1.169635,-0.917971,0.477214,0.005902,0.016377,0.010795
1771002469.486945,35.811824,-1.434160,-1.041358,1.092978,0.015762,0.008416,0.008640
1771002469.491927,35.816806,-1.406201,-1.071043,1.067994,0.015981,0.008666,0.009634
1771002469.496904,35.821783,-1.876766,-1.882125,0.845745,0.016751,-0.009750,-0.002841
1771002469.501899,35.826778,-1.408620,-1.072744,1.063142,0.015975,0.008800,0.009892
1771002469.506883,35.831761,-1.389158,-0.976259,1.090682,0.014924,0.009392,0.009201
1771002469.511871,35.836750,-1.888043,-1.949872,0.780399,0.017789,-0.009978,-0.003190
1771002469.516847,35.841725,-1.338221,-0.959972,1.089142,0.015119,0.009989,0.010209
1771002469.521821,35.846700,-1.344675,-0.949370,1.092142,0.014807,0.009870,0.009957
1771002469.526793,35.851671,-1.411123,-1.024289,1.077189,0.015533,0.008626,0.009347
1771002469.531776,35.856655,-1.343529,-0.966229,1.116114,0.014955,0.009514,0.010049
1771002469.536761,35.861640,-1.860628,-2.022946,0.764563,0.018625,-0.009992,-0.003081
1771002469.541740,35.866619,-1.886983,-1.966128,0.814264,0.017919,-0.009750,-0.003042
1771002469.546731,35.871609,-1.425774,-0.411585,1.547765,0.003984,0.000199,0.011094
1771002469.551703,35.876582,-1.398638,-1.023580,1.088555,0.015316,0.008848,0.010048
1771002469.556693,35.881572,-1.419803,-1.085617,1.077501,0.015821,0.008441,0.009298
1771002469.561667,35.886546,-1.405629,0.270983,1.264688,0.001711,-0.007350,-0.003899
1771002469.566653,35.891532,-1.418777,-1.054837,1.087722,0.015826,0.008463,0.009456
1771002469.571634,35.896513,-1.398790,-1.039069,1.090936,0.015252,0.008708,0.009521
1771002469.576630,35.901509,0.879774,-1.394366,-1.341078,0.011708,0.003353,-0.000645
1771002469.581596,35.906475,0.893720,-0.449816,-0.856806,0.000840,0.002397,-0.002780
1771002469.586950,35.911829,0.125406,-0.264819,-0.728796,0.000468,-0.004755,-0.002143
